  258    1    2    0    0    0    0  255
 TiCrHx 300K  # experiment title
  23.80   2.080  0.0000  300.000   0.0 0
                  0.0969  0.0000  0.0000
    1 -0.012301  1.23846e+01  1.5681e+00
    2 -0.012204  1.17287e+01  7.2999e-01
    3 -0.012107  1.24432e+01  9.5647e-01
    4 -0.012011  1.31754e+01  1.2440e+00
    5 -0.011914  1.04648e+01  1.3473e+00
    6 -0.011817  1.31912e+01  1.6707e+00
    7 -0.011720  1.26498e+01  1.6125e+00
    8 -0.011623  1.02232e+01  1.5386e+00
    9 -0.011526  1.28392e+01  1.8656e+00
   10 -0.011429  1.28613e+01  1.7630e+00
   11 -0.011333  1.13065e+01  1.3708e+00
   12 -0.011236  1.14445e+01  1.3003e+00
   13 -0.011139  1.10980e+01  1.6113e+00
   14 -0.011042  9.89481e+00  1.6769e+00
   15 -0.010945  1.39148e+01  2.0118e+00
   16 -0.010848  1.18153e+01  2.0214e+00
   17 -0.010751  8.17965e+00  1.8199e+00
   18 -0.010655  1.02260e+01  2.0072e+00
   19 -0.010558  1.27533e+01  2.0354e+00
   20 -0.010461  9.89455e+00  1.5738e+00
   21 -0.010364  1.10498e+01  1.5868e+00
   22 -0.010267  1.10974e+01  1.6670e+00
   23 -0.010170  1.30126e+01  2.0005e+00
   24 -0.010073  1.28321e+01  2.1887e+00
   25 -0.009977  1.23094e+01  2.2952e+00
   26 -0.009880  1.02434e+01  2.1556e+00
   27 -0.009783  9.88117e+00  2.1129e+00
   28 -0.009686  1.11118e+01  2.1975e+00
   29 -0.009589  1.13436e+01  2.1638e+00
   30 -0.009492  7.53894e+00  1.6745e+00
   31 -0.009395  1.07324e+01  1.8398e+00
   32 -0.009298  1.31764e+01  1.9170e+00
   33 -0.009202  1.25397e+01  1.9302e+00
   34 -0.009105  1.07471e+01  1.9049e+00
   35 -0.009008  9.58760e+00  1.8569e+00
   36 -0.008911  1.06387e+01  1.9863e+00
   37 -0.008814  1.04550e+01  1.9738e+00
   38 -0.008717  9.70807e+00  1.8852e+00
   39 -0.008620  1.10709e+01  1.9923e+00
   40 -0.008524  1.09076e+01  1.9697e+00
   41 -0.008427  1.37677e+01  2.2753e+00
   42 -0.008330  1.21844e+01  2.2226e+00
   43 -0.008233  1.21378e+01  2.2652e+00
   44 -0.008136  1.10076e+01  2.1463e+00
   45 -0.008039  1.01559e+01  1.9989e+00
   46 -0.007942  9.19343e+00  1.8047e+00
   47 -0.007846  1.05697e+01  1.8320e+00
   48 -0.007749  9.75705e+00  1.7302e+00
   49 -0.007652  9.30551e+00  1.7408e+00
   50 -0.007555  1.12941e+01  2.0096e+00
   51 -0.007458  1.07210e+01  2.0243e+00
   52 -0.007361  9.06742e+00  1.8918e+00
   53 -0.007264  1.28030e+01  2.2789e+00
   54 -0.007168  1.14613e+01  2.1654e+00
   55 -0.007071  9.77334e+00  1.9752e+00
   56 -0.006974  1.21147e+01  2.1476e+00
   57 -0.006877  1.02959e+01  1.9012e+00
   58 -0.006780  9.73995e+00  1.7559e+00
   59 -0.006683  1.05010e+01  1.7341e+00
   60 -0.006586  1.45046e+01  2.0193e+00
   61 -0.006490  1.16242e+01  1.8866e+00
   62 -0.006393  1.13893e+01  2.0360e+00
   63 -0.006296  9.96635e+00  2.0361e+00
   64 -0.006199  1.15716e+01  2.2688e+00
   65 -0.006102  9.62625e+00  2.0801e+00
   66 -0.006005  8.81892e+00  1.9232e+00
   67 -0.005908  1.10672e+01  2.0108e+00
   68 -0.005812  1.15626e+01  1.8474e+00
   69 -0.005715  1.03283e+01  1.6738e+00
   70 -0.005618  1.24274e+01  1.9488e+00
   71 -0.005521  1.08016e+01  1.9224e+00
   72 -0.005424  9.94928e+00  1.9023e+00
   73 -0.005327  8.55382e+00  1.7820e+00
   74 -0.005230  9.62828e+00  1.8681e+00
   75 -0.005134  8.75524e+00  1.7710e+00
   76 -0.005037  1.14275e+01  2.0329e+00
   77 -0.004940  1.10132e+01  2.0068e+00
   78 -0.004843  8.63958e+00  1.7667e+00
   79 -0.004746  1.44275e+01  2.2205e+00
   80 -0.004649  1.19181e+01  1.9192e+00
   81 -0.004552  1.01779e+01  1.6978e+00
   82 -0.004456  1.16164e+01  1.8317e+00
   83 -0.004359  1.29565e+01  2.0943e+00
   84 -0.004262  1.19052e+01  2.1488e+00
   85 -0.004165  7.46300e+00  1.7569e+00
   86 -0.004068  1.30287e+01  2.3183e+00
   87 -0.003971  1.08804e+01  2.0398e+00
   88 -0.003874  1.22970e+01  2.0044e+00
   89 -0.003778  1.10176e+01  1.7721e+00
   90 -0.003681  1.22638e+01  1.8995e+00
   91 -0.003584  1.14397e+01  1.9201e+00
   92 -0.003487  1.57937e+01  2.3229e+00
   93 -0.003390  1.61763e+01  2.3952e+00
   94 -0.003293  1.14146e+01  2.0136e+00
   95 -0.003196  1.20364e+01  2.0044e+00
   96 -0.003099  8.60800e+00  1.6399e+00
   97 -0.003003  1.04885e+01  1.8384e+00
   98 -0.002906  1.38723e+01  2.2303e+00
   99 -0.002809  1.24990e+01  2.1790e+00
  100 -0.002712  1.46069e+01  2.3303e+00
  101 -0.002615  1.48144e+01  2.2639e+00
  102 -0.002518  1.14666e+01  1.8727e+00
  103 -0.002421  1.38059e+01  1.9528e+00
  104 -0.002325  1.37849e+01  1.9536e+00
  105 -0.002228  1.47063e+01  2.1280e+00
  106 -0.002131  1.65394e+01  2.3833e+00
  107 -0.002034  1.47376e+01  2.3226e+00
  108 -0.001937  1.44280e+01  2.2964e+00
  109 -0.001840  1.59100e+01  2.3426e+00
  110 -0.001743  1.82038e+01  2.4353e+00
  111 -0.001647  1.78684e+01  2.4181e+00
  112 -0.001550  1.72836e+01  2.4382e+00
  113 -0.001453  1.81694e+01  2.5014e+00
  114 -0.001356  1.41327e+01  2.1938e+00
  115 -0.001259  2.14901e+01  2.6332e+00
  116 -0.001162  1.98763e+01  2.4444e+00
  117 -0.001065  1.94002e+01  2.3556e+00
  118 -0.000969  2.39007e+01  2.6724e+00
  119 -0.000872  2.68617e+01  3.0221e+00
  120 -0.000775  3.00863e+01  3.3854e+00
  121 -0.000678  3.69922e+01  3.8162e+00
  122 -0.000581  4.41610e+01  4.1586e+00
  123 -0.000484  4.22196e+01  3.9511e+00
  124 -0.000387  5.31488e+01  4.1621e+00
  125 -0.000291  7.02011e+01  4.4871e+00
  126 -0.000194  8.20290e+01  4.7300e+00
  127 -0.000097  1.22733e+02  5.8640e+00
  128  0.000000  1.49540e+02  6.6755e+00
  129  0.000097  1.82509e+02  7.6153e+00
  130  0.000194  2.12688e+02  8.3803e+00
  131  0.000291  2.42938e+02  9.1198e+00
  132  0.000387  2.33342e+02  9.3005e+00
  133  0.000484  2.16885e+02  9.1825e+00
  134  0.000581  2.10460e+02  8.8548e+00
  135  0.000678  1.91838e+02  8.0321e+00
  136  0.000775  1.57537e+02  6.7831e+00
  137  0.000872  1.25016e+02  5.7985e+00
  138  0.000969  1.01675e+02  5.3884e+00
  139  0.001065  7.64207e+01  5.0055e+00
  140  0.001162  7.18000e+01  5.1127e+00
  141  0.001259  6.40681e+01  4.9421e+00
  142  0.001356  5.22498e+01  4.4588e+00
  143  0.001453  4.75565e+01  4.1540e+00
  144  0.001550  3.92317e+01  3.6680e+00
  145  0.001647  3.38294e+01  3.3687e+00
  146  0.001743  2.75932e+01  3.0087e+00
  147  0.001840  2.78314e+01  2.9868e+00
  148  0.001937  2.31499e+01  2.7250e+00
  149  0.002034  2.56522e+01  2.9116e+00
  150  0.002131  2.38096e+01  2.8480e+00
  151  0.002228  1.60193e+01  2.3807e+00
  152  0.002325  1.72981e+01  2.5290e+00
  153  0.002421  2.28655e+01  2.9437e+00
  154  0.002518  1.39541e+01  2.2905e+00
  155  0.002615  1.29286e+01  2.1598e+00
  156  0.002712  1.58056e+01  2.3451e+00
  157  0.002809  1.54176e+01  2.2997e+00
  158  0.002906  1.66388e+01  2.3955e+00
  159  0.003003  1.63103e+01  2.4142e+00
  160  0.003099  1.48343e+01  2.3311e+00
  161  0.003196  1.31789e+01  2.2006e+00
  162  0.003293  1.80364e+01  2.5455e+00
  163  0.003390  1.43964e+01  2.2572e+00
  164  0.003487  1.69783e+01  2.4667e+00
  165  0.003584  1.54315e+01  2.3796e+00
  166  0.003681  1.57398e+01  2.4170e+00
  167  0.003778  1.18293e+01  2.0887e+00
  168  0.003874  1.30446e+01  2.1838e+00
  169  0.003971  1.36416e+01  2.2291e+00
  170  0.004068  1.69348e+01  2.4828e+00
  171  0.004165  1.26062e+01  2.1853e+00
  172  0.004262  1.34377e+01  2.3286e+00
  173  0.004359  1.35498e+01  2.4007e+00
  174  0.004456  1.29107e+01  2.3583e+00
  175  0.004552  1.85981e+01  2.7927e+00
  176  0.004649  1.61420e+01  2.5253e+00
  177  0.004746  1.52659e+01  2.3523e+00
  178  0.004843  1.62596e+01  2.3411e+00
  179  0.004940  1.48186e+01  2.2143e+00
  180  0.005037  1.34355e+01  2.1953e+00
  181  0.005134  1.19449e+01  2.1952e+00
  182  0.005230  8.67385e+00  1.9430e+00
  183  0.005327  1.21965e+01  2.3404e+00
  184  0.005424  1.23690e+01  2.3674e+00
  185  0.005521  1.43466e+01  2.5627e+00
  186  0.005618  1.18662e+01  2.3640e+00
  187  0.005715  1.56975e+01  2.7489e+00
  188  0.005812  1.24291e+01  2.4496e+00
  189  0.005908  1.68114e+01  2.8023e+00
  190  0.006005  1.70217e+01  2.7251e+00
  191  0.006102  1.23478e+01  2.2279e+00
  192  0.006199  1.44191e+01  2.3441e+00
  193  0.006296  8.61373e+00  1.8032e+00
  194  0.006393  1.54271e+01  2.4748e+00
  195  0.006490  1.95139e+01  2.8502e+00
  196  0.006586  1.22571e+01  2.2907e+00
  197  0.006683  1.16754e+01  2.2557e+00
  198  0.006780  1.46297e+01  2.5366e+00
  199  0.006877  9.77190e+00  2.0955e+00
  200  0.006974  1.73918e+01  2.8526e+00
  201  0.007071  1.32614e+01  2.5598e+00
  202  0.007168  1.15147e+01  2.4461e+00
  203  0.007264  1.32677e+01  2.6611e+00
  204  0.007361  1.08860e+01  2.4032e+00
  205  0.007458  1.15007e+01  2.4452e+00
  206  0.007555  1.88212e+01  3.0578e+00
  207  0.007652  1.54779e+01  2.7002e+00
  208  0.007749  2.14225e+01  3.0277e+00
  209  0.007846  1.34389e+01  2.2365e+00
  210  0.007942  1.36254e+01  2.2889e+00
  211  0.008039  1.24195e+01  2.3962e+00
  212  0.008136  1.48866e+01  2.7943e+00
  213  0.008233  1.49401e+01  2.8816e+00
  214  0.008330  1.45621e+01  2.8897e+00
  215  0.008427  1.30580e+01  2.7802e+00
  216  0.008524  1.71257e+01  3.2181e+00
  217  0.008620  1.26339e+01  2.7354e+00
  218  0.008717  1.43144e+01  2.8631e+00
  219  0.008814  8.40976e+00  2.1478e+00
  220  0.008911  1.43027e+01  2.7636e+00
  221  0.009008  1.35368e+01  2.6890e+00
  222  0.009105  1.39624e+01  2.7647e+00
  223  0.009202  1.80006e+01  3.0995e+00
  224  0.009298  1.64164e+01  2.8430e+00
  225  0.009395  1.92983e+01  2.9521e+00
  226  0.009492  1.31731e+01  2.5221e+00
  227  0.009589  1.34980e+01  2.7994e+00
  228  0.009686  1.62367e+01  3.2756e+00
  229  0.009783  1.41914e+01  3.1755e+00
  230  0.009880  1.14093e+01  2.8881e+00
  231  0.009977  9.33598e+00  2.5904e+00
  232  0.010073  1.35607e+01  2.9659e+00
  233  0.010170  2.01989e+01  3.3271e+00
  234  0.010267  1.36436e+01  2.4333e+00
  235  0.010364  1.58835e+01  2.4086e+00
  236  0.010461  1.31273e+01  2.2444e+00
  237  0.010558  1.20022e+01  2.3605e+00
  238  0.010655  1.84923e+01  3.0893e+00
  239  0.010751  1.70355e+01  3.1120e+00
  240  0.010848  1.04673e+01  2.6660e+00
  241  0.010945  1.10389e+01  2.8407e+00
  242  0.011042  8.31500e+00  2.5222e+00
  243  0.011139  1.39562e+01  3.3420e+00
  244  0.011236  1.36965e+01  3.3123e+00
  245  0.011333  1.90137e+01  3.7502e+00
  246  0.011429  1.03947e+01  2.6206e+00
  247  0.011526  1.17600e+01  2.7004e+00
  248  0.011623  1.18286e+01  2.5683e+00
  249  0.011720  1.55602e+01  2.6876e+00
  250  0.011817  1.57742e+01  2.3807e+00
  251  0.011914  1.42542e+01  1.9543e+00
  252  0.012011  1.79153e+01  1.9037e+00
  253  0.012107  1.70953e+01  1.6468e+00
  254  0.012204  1.57005e+01  1.4500e+00
  255  0.012301  1.58154e+01  1.0916e+00
  258    1    2    0    0    0    0  255
 TiCrHx 300K  # experiment title
  34.70   2.080  0.0000  300.000   0.0 0
                  0.0969  0.0000  0.0000
    1 -0.012301  6.57171e+00  1.0710e+00
    2 -0.012204  5.57380e+00  4.7185e-01
    3 -0.012107  4.98963e+00  5.6790e-01
    4 -0.012011  4.41622e+00  6.7529e-01
    5 -0.011914  6.09227e+00  9.6386e-01
    6 -0.011817  5.17015e+00  9.8069e-01
    7 -0.011720  5.00180e+00  9.5074e-01
    8 -0.011623  4.17312e+00  9.2171e-01
    9 -0.011526  5.43586e+00  1.1382e+00
   10 -0.011429  7.19979e+00  1.2368e+00
   11 -0.011333  6.73908e+00  9.9231e-01
   12 -0.011236  6.26307e+00  9.0195e-01
   13 -0.011139  5.55475e+00  1.0688e+00
   14 -0.011042  6.18305e+00  1.2430e+00
   15 -0.010945  6.29738e+00  1.2690e+00
   16 -0.010848  5.80580e+00  1.3286e+00
   17 -0.010751  5.69001e+00  1.4232e+00
   18 -0.010655  5.06489e+00  1.3245e+00
   19 -0.010558  6.11172e+00  1.3212e+00
   20 -0.010461  5.65903e+00  1.1160e+00
   21 -0.010364  6.10519e+00  1.1060e+00
   22 -0.010267  3.92263e+00  9.2928e-01
   23 -0.010170  4.77776e+00  1.1366e+00
   24 -0.010073  3.53890e+00  1.0777e+00
   25 -0.009977  6.35295e+00  1.5461e+00
   26 -0.009880  4.34683e+00  1.3166e+00
   27 -0.009783  4.99737e+00  1.4089e+00
   28 -0.009686  6.03120e+00  1.5180e+00
   29 -0.009589  6.59082e+00  1.5465e+00
   30 -0.009492  6.30001e+00  1.4353e+00
   31 -0.009395  5.00999e+00  1.1786e+00
   32 -0.009298  5.95944e+00  1.2088e+00
   33 -0.009202  5.76537e+00  1.2272e+00
   34 -0.009105  3.43727e+00  1.0101e+00
   35 -0.009008  2.55989e+00  8.9965e-01
   36 -0.008911  3.81616e+00  1.1154e+00
   37 -0.008814  2.82284e+00  9.6165e-01
   38 -0.008717  5.43509e+00  1.3226e+00
   39 -0.008620  6.10173e+00  1.3868e+00
   40 -0.008524  4.75421e+00  1.2193e+00
   41 -0.008427  5.12552e+00  1.3017e+00
   42 -0.008330  3.70334e+00  1.1489e+00
   43 -0.008233  3.74937e+00  1.1804e+00
   44 -0.008136  5.75778e+00  1.4555e+00
   45 -0.008039  4.89385e+00  1.3011e+00
   46 -0.007942  5.12126e+00  1.2630e+00
   47 -0.007846  6.24235e+00  1.3201e+00
   48 -0.007749  5.99397e+00  1.2716e+00
   49 -0.007652  4.28963e+00  1.1082e+00
   50 -0.007555  4.61259e+00  1.2042e+00
   51 -0.007458  3.99901e+00  1.1592e+00
   52 -0.007361  5.75943e+00  1.4137e+00
   53 -0.007264  4.82608e+00  1.3119e+00
   54 -0.007168  4.44169e+00  1.2639e+00
   55 -0.007071  5.16001e+00  1.3457e+00
   56 -0.006974  5.77646e+00  1.3905e+00
   57 -0.006877  4.24909e+00  1.1452e+00
   58 -0.006780  4.15040e+00  1.0748e+00
   59 -0.006683  4.81372e+00  1.1009e+00
   60 -0.006586  5.36596e+00  1.1516e+00
   61 -0.006490  3.94309e+00  1.0302e+00
   62 -0.006393  5.80062e+00  1.3624e+00
   63 -0.006296  5.27994e+00  1.3896e+00
   64 -0.006199  5.69063e+00  1.4918e+00
   65 -0.006102  5.67056e+00  1.4970e+00
   66 -0.006005  4.67426e+00  1.3128e+00
   67 -0.005908  6.96509e+00  1.4957e+00
   68 -0.005812  3.17571e+00  9.0777e-01
   69 -0.005715  5.66119e+00  1.1619e+00
   70 -0.005618  6.00322e+00  1.2700e+00
   71 -0.005521  3.60923e+00  1.0419e+00
   72 -0.005424  6.86567e+00  1.4817e+00
   73 -0.005327  5.59481e+00  1.3514e+00
   74 -0.005230  6.51409e+00  1.4408e+00
   75 -0.005134  5.04886e+00  1.2610e+00
   76 -0.005037  8.31173e+00  1.6257e+00
   77 -0.004940  5.66724e+00  1.3498e+00
   78 -0.004843  4.18805e+00  1.1533e+00
   79 -0.004746  3.28991e+00  9.9420e-01
   80 -0.004649  6.71821e+00  1.3511e+00
   81 -0.004552  5.94447e+00  1.2166e+00
   82 -0.004456  5.70629e+00  1.2037e+00
   83 -0.004359  4.93524e+00  1.2119e+00
   84 -0.004262  3.71788e+00  1.1259e+00
   85 -0.004165  4.44369e+00  1.2712e+00
   86 -0.004068  7.71010e+00  1.6722e+00
   87 -0.003971  6.99908e+00  1.5340e+00
   88 -0.003874  5.98206e+00  1.3108e+00
   89 -0.003778  3.16769e+00  8.9096e-01
   90 -0.003681  7.22535e+00  1.3671e+00
   91 -0.003584  7.49741e+00  1.4575e+00
   92 -0.003487  5.16609e+00  1.2457e+00
   93 -0.003390  6.01421e+00  1.3694e+00
   94 -0.003293  6.32032e+00  1.4049e+00
   95 -0.003196  8.20591e+00  1.5518e+00
   96 -0.003099  6.54769e+00  1.3411e+00
   97 -0.003003  7.78575e+00  1.4852e+00
   98 -0.002906  7.68934e+00  1.5569e+00
   99 -0.002809  6.60250e+00  1.4849e+00
  100 -0.002712  4.91278e+00  1.2671e+00
  101 -0.002615  7.05199e+00  1.4646e+00
  102 -0.002518  6.22336e+00  1.2936e+00
  103 -0.002421  7.65384e+00  1.3633e+00
  104 -0.002325  6.12497e+00  1.2210e+00
  105 -0.002228  6.77768e+00  1.3546e+00
  106 -0.002131  7.72346e+00  1.5271e+00
  107 -0.002034  5.93835e+00  1.3824e+00
  108 -0.001937  9.56489e+00  1.7532e+00
  109 -0.001840  9.32973e+00  1.6820e+00
  110 -0.001743  6.95336e+00  1.4112e+00
  111 -0.001647  1.00819e+01  1.7031e+00
  112 -0.001550  1.14646e+01  1.8620e+00
  113 -0.001453  1.11419e+01  1.8367e+00
  114 -0.001356  7.31446e+00  1.4798e+00
  115 -0.001259  1.27255e+01  1.8999e+00
  116 -0.001162  1.24270e+01  1.8122e+00
  117 -0.001065  1.13130e+01  1.6867e+00
  118 -0.000969  1.04670e+01  1.6582e+00
  119 -0.000872  1.54863e+01  2.1515e+00
  120 -0.000775  1.54492e+01  2.2746e+00
  121 -0.000678  1.55441e+01  2.3193e+00
  122 -0.000581  1.85553e+01  2.5274e+00
  123 -0.000484  1.69886e+01  2.3499e+00
  124 -0.000387  2.43084e+01  2.6390e+00
  125 -0.000291  2.46956e+01  2.4950e+00
  126 -0.000194  3.37563e+01  2.8446e+00
  127 -0.000097  3.83387e+01  3.0721e+00
  128  0.000000  5.17595e+01  3.6812e+00
  129  0.000097  6.49146e+01  4.2567e+00
  130  0.000194  8.97306e+01  5.1017e+00
  131  0.000291  1.00788e+02  5.5051e+00
  132  0.000387  1.14995e+02  6.1195e+00
  133  0.000484  1.28128e+02  6.6159e+00
  134  0.000581  1.31020e+02  6.5494e+00
  135  0.000678  1.54411e+02  6.7564e+00
  136  0.000775  1.59711e+02  6.4046e+00
  137  0.000872  1.67047e+02  6.2865e+00
  138  0.000969  1.60982e+02  6.3596e+00
  139  0.001065  1.66266e+02  6.9260e+00
  140  0.001162  1.49397e+02  6.9179e+00
  141  0.001259  1.56672e+02  7.2498e+00
  142  0.001356  1.49115e+02  7.0662e+00
  143  0.001453  1.40974e+02  6.7092e+00
  144  0.001550  1.29954e+02  6.2624e+00
  145  0.001647  1.24139e+02  6.0534e+00
  146  0.001743  1.13781e+02  5.7310e+00
  147  0.001840  1.01990e+02  5.3632e+00
  148  0.001937  1.02551e+02  5.3798e+00
  149  0.002034  7.86200e+01  4.7808e+00
  150  0.002131  6.32064e+01  4.3519e+00
  151  0.002228  5.78146e+01  4.2416e+00
  152  0.002325  5.40303e+01  4.1917e+00
  153  0.002421  5.14665e+01  4.1417e+00
  154  0.002518  4.24872e+01  3.7482e+00
  155  0.002615  3.85762e+01  3.4985e+00
  156  0.002712  3.26509e+01  3.1607e+00
  157  0.002809  3.48119e+01  3.2406e+00
  158  0.002906  2.96802e+01  3.0001e+00
  159  0.003003  2.32735e+01  2.7041e+00
  160  0.003099  2.36011e+01  2.7572e+00
  161  0.003196  1.89695e+01  2.4757e+00
  162  0.003293  2.50182e+01  2.8112e+00
  163  0.003390  1.80058e+01  2.3670e+00
  164  0.003487  2.05583e+01  2.5452e+00
  165  0.003584  1.67897e+01  2.3274e+00
  166  0.003681  1.76312e+01  2.3986e+00
  167  0.003778  1.71951e+01  2.3613e+00
  168  0.003874  1.41172e+01  2.1302e+00
  169  0.003971  1.59208e+01  2.2580e+00
  170  0.004068  1.41164e+01  2.1255e+00
  171  0.004165  1.29890e+01  2.0800e+00
  172  0.004262  1.08489e+01  1.9619e+00
  173  0.004359  9.74612e+00  1.9091e+00
  174  0.004456  1.18640e+01  2.1197e+00
  175  0.004552  1.27117e+01  2.1649e+00
  176  0.004649  1.01125e+01  1.8741e+00
  177  0.004746  9.87492e+00  1.7739e+00
  178  0.004843  7.35227e+00  1.4761e+00
  179  0.004940  8.06158e+00  1.5313e+00
  180  0.005037  5.88031e+00  1.3617e+00
  181  0.005134  7.77221e+00  1.6603e+00
  182  0.005230  5.75759e+00  1.4843e+00
  183  0.005327  4.22438e+00  1.2914e+00
  184  0.005424  6.23589e+00  1.5761e+00
  185  0.005521  5.91716e+00  1.5432e+00
  186  0.005618  6.05853e+00  1.5839e+00
  187  0.005715  6.31605e+00  1.6349e+00
  188  0.005812  4.83460e+00  1.4325e+00
  189  0.005908  6.53798e+00  1.6386e+00
  190  0.006005  5.81784e+00  1.4938e+00
  191  0.006102  8.01043e+00  1.6825e+00
  192  0.006199  6.44469e+00  1.4694e+00
  193  0.006296  4.74958e+00  1.2555e+00
  194  0.006393  5.90613e+00  1.4358e+00
  195  0.006490  7.55476e+00  1.6628e+00
  196  0.006586  8.09657e+00  1.7457e+00
  197  0.006683  5.15717e+00  1.4057e+00
  198  0.006780  6.45820e+00  1.5802e+00
  199  0.006877  6.76235e+00  1.6345e+00
  200  0.006974  4.69600e+00  1.3898e+00
  201  0.007071  5.33473e+00  1.5223e+00
  202  0.007168  6.81330e+00  1.7643e+00
  203  0.007264  3.67858e+00  1.3138e+00
  204  0.007361  3.04189e+00  1.1911e+00
  205  0.007458  5.48221e+00  1.5830e+00
  206  0.007555  5.42904e+00  1.5398e+00
  207  0.007652  6.08250e+00  1.5871e+00
  208  0.007749  6.32809e+00  1.5429e+00
  209  0.007846  6.61860e+00  1.4717e+00
  210  0.007942  6.78720e+00  1.5147e+00
  211  0.008039  7.16986e+00  1.7071e+00
  212  0.008136  4.83502e+00  1.4931e+00
  213  0.008233  6.59510e+00  1.7951e+00
  214  0.008330  4.79475e+00  1.5547e+00
  215  0.008427  4.29724e+00  1.4954e+00
  216  0.008524  5.77284e+00  1.7518e+00
  217  0.008620  9.46000e+00  2.2194e+00
  218  0.008717  9.43368e+00  2.1794e+00
  219  0.008814  7.39543e+00  1.8886e+00
  220  0.008911  6.34700e+00  1.7262e+00
  221  0.009008  7.51371e+00  1.8785e+00
  222  0.009105  3.01728e+00  1.2050e+00
  223  0.009202  4.86635e+00  1.5110e+00
  224  0.009298  5.39177e+00  1.5277e+00
  225  0.009395  9.53023e+00  1.9452e+00
  226  0.009492  7.46222e+00  1.7798e+00
  227  0.009589  8.08816e+00  2.0319e+00
  228  0.009686  7.71661e+00  2.1173e+00
  229  0.009783  5.17869e+00  1.7986e+00
  230  0.009880  2.64433e+00  1.3037e+00
  231  0.009977  6.21596e+00  1.9819e+00
  232  0.010073  7.99408e+00  2.1352e+00
  233  0.010170  5.95477e+00  1.6938e+00
  234  0.010267  7.54385e+00  1.6966e+00
  235  0.010364  7.98609e+00  1.6014e+00
  236  0.010461  5.58255e+00  1.3723e+00
  237  0.010558  5.83842e+00  1.5437e+00
  238  0.010655  4.26994e+00  1.3919e+00
  239  0.010751  9.99255e+00  2.2348e+00
  240  0.010848  6.49429e+00  1.9690e+00
  241  0.010945  5.35492e+00  1.8551e+00
  242  0.011042  6.09109e+00  2.0241e+00
  243  0.011139  6.25850e+00  2.0984e+00
  244  0.011236  5.08374e+00  1.8921e+00
  245  0.011333  2.32401e+00  1.2293e+00
  246  0.011429  6.41784e+00  1.9307e+00
  247  0.011526  6.66368e+00  1.9060e+00
  248  0.011623  8.26756e+00  2.0133e+00
  249  0.011720  7.38915e+00  1.7365e+00
  250  0.011817  8.58444e+00  1.6467e+00
  251  0.011914  7.56182e+00  1.3346e+00
  252  0.012011  6.23611e+00  1.0531e+00
  253  0.012107  5.69622e+00  8.9127e-01
  254  0.012204  8.27745e+00  9.8715e-01
  255  0.012301  6.88878e+00  6.7550e-01
  258    1    2    0    0    0    0  255
 TiCrHx 300K  # experiment title
  51.00   2.080  0.0000  300.000   0.0 0
                  0.0969  0.0000  0.0000
    1 -0.012301  1.37312e+00  3.2280e-01
    2 -0.012204  1.67604e+00  1.7061e-01
    3 -0.012107  1.70632e+00  2.1898e-01
    4 -0.012011  1.51384e+00  2.6069e-01
    5 -0.011914  1.61796e+00  3.2752e-01
    6 -0.011817  1.15848e+00  3.0609e-01
    7 -0.011720  1.31520e+00  3.2146e-01
    8 -0.011623  1.32999e+00  3.4310e-01
    9 -0.011526  1.83370e+00  4.3589e-01
   10 -0.011429  1.43799e+00  3.6446e-01
   11 -0.011333  1.53326e+00  3.1209e-01
   12 -0.011236  1.58627e+00  2.9930e-01
   13 -0.011139  1.51176e+00  3.6766e-01
   14 -0.011042  1.90471e+00  4.5488e-01
   15 -0.010945  1.34532e+00  3.8673e-01
   16 -0.010848  1.33466e+00  4.2003e-01
   17 -0.010751  1.25186e+00  4.4017e-01
   18 -0.010655  1.68878e+00  5.0429e-01
   19 -0.010558  1.35016e+00  4.0945e-01
   20 -0.010461  1.48837e+00  3.7738e-01
   21 -0.010364  1.46677e+00  3.5744e-01
   22 -0.010267  1.57505e+00  3.8827e-01
   23 -0.010170  1.85465e+00  4.6694e-01
   24 -0.010073  1.52810e+00  4.6696e-01
   25 -0.009977  9.25060e-01  3.8900e-01
   26 -0.009880  1.00416e+00  4.1726e-01
   27 -0.009783  1.26010e+00  4.6650e-01
   28 -0.009686  1.72556e+00  5.3539e-01
   29 -0.009589  1.89145e+00  5.4627e-01
   30 -0.009492  1.26406e+00  4.2391e-01
   31 -0.009395  9.58524e-01  3.3992e-01
   32 -0.009298  1.98801e+00  4.6037e-01
   33 -0.009202  7.23386e-01  2.8662e-01
   34 -0.009105  1.12414e+00  3.8088e-01
   35 -0.009008  1.74996e+00  4.9047e-01
   36 -0.008911  1.40195e+00  4.4579e-01
   37 -0.008814  1.49843e+00  4.6198e-01
   38 -0.008717  1.88538e+00  5.1365e-01
   39 -0.008620  1.50288e+00  4.5382e-01
   40 -0.008524  1.45810e+00  4.4523e-01
   41 -0.008427  1.80948e+00  5.0996e-01
   42 -0.008330  1.88339e+00  5.4025e-01
   43 -0.008233  1.53099e+00  4.9737e-01
   44 -0.008136  1.94414e+00  5.5768e-01
   45 -0.008039  8.62658e-01  3.6018e-01
   46 -0.007942  1.67792e+00  4.7666e-01
   47 -0.007846  2.23123e+00  5.2040e-01
   48 -0.007749  1.79333e+00  4.5860e-01
   49 -0.007652  1.74506e+00  4.6607e-01
   50 -0.007555  1.53484e+00  4.5803e-01
   51 -0.007458  1.46015e+00  4.6187e-01
   52 -0.007361  3.91926e-01  2.4317e-01
   53 -0.007264  1.44466e+00  4.7327e-01
   54 -0.007168  1.50957e+00  4.8585e-01
   55 -0.007071  7.28039e-01  3.3329e-01
   56 -0.006974  1.95221e+00  5.3299e-01
   57 -0.006877  9.39553e-01  3.5507e-01
   58 -0.006780  8.59627e-01  3.2251e-01
   59 -0.006683  1.60537e+00  4.1920e-01
   60 -0.006586  2.00123e+00  4.6371e-01
   61 -0.006490  5.37762e-01  2.5087e-01
   62 -0.006393  1.22157e+00  4.1225e-01
   63 -0.006296  1.35123e+00  4.6351e-01
   64 -0.006199  1.85391e+00  5.6145e-01
   65 -0.006102  1.08343e+00  4.3144e-01
   66 -0.006005  1.24821e+00  4.4733e-01
   67 -0.005908  2.30344e+00  5.6716e-01
   68 -0.005812  2.21438e+00  4.9982e-01
   69 -0.005715  6.69621e-01  2.6349e-01
   70 -0.005618  1.44950e+00  4.1147e-01
   71 -0.005521  7.76349e-01  3.1864e-01
   72 -0.005424  1.46629e+00  4.5150e-01
   73 -0.005327  1.49700e+00  4.6091e-01
   74 -0.005230  1.28263e+00  4.2155e-01
   75 -0.005134  1.68518e+00  4.8037e-01
   76 -0.005037  1.44618e+00  4.4711e-01
   77 -0.004940  1.84387e+00  5.0767e-01
   78 -0.004843  1.93140e+00  5.1644e-01
   79 -0.004746  1.32344e+00  4.1578e-01
   80 -0.004649  1.44989e+00  4.1385e-01
   81 -0.004552  7.39696e-01  2.8297e-01
   82 -0.004456  1.32765e+00  3.8285e-01
   83 -0.004359  1.39779e+00  4.2528e-01
   84 -0.004262  2.19538e+00  5.7048e-01
   85 -0.004165  1.92192e+00  5.5123e-01
   86 -0.004068  1.66015e+00  5.1162e-01
   87 -0.003971  8.12710e-01  3.4466e-01
   88 -0.003874  2.30913e+00  5.3699e-01
   89 -0.003778  1.97048e+00  4.6335e-01
   90 -0.003681  1.57330e+00  4.2063e-01
   91 -0.003584  2.44449e+00  5.4875e-01
   92 -0.003487  1.07647e+00  3.7493e-01
   93 -0.003390  1.76054e+00  4.8852e-01
   94 -0.003293  2.23868e+00  5.5133e-01
   95 -0.003196  2.04208e+00  5.1044e-01
   96 -0.003099  2.07871e+00  4.9824e-01
   97 -0.003003  1.49167e+00  4.2863e-01
   98 -0.002906  1.66283e+00  4.7739e-01
   99 -0.002809  2.29140e+00  5.7680e-01
  100 -0.002712  2.42939e+00  5.8754e-01
  101 -0.002615  1.29586e+00  4.1396e-01
  102 -0.002518  1.19762e+00  3.7418e-01
  103 -0.002421  1.98332e+00  4.5759e-01
  104 -0.002325  1.61577e+00  4.1350e-01
  105 -0.002228  2.35648e+00  5.2665e-01
  106 -0.002131  2.71106e+00  5.9656e-01
  107 -0.002034  2.33991e+00  5.7217e-01
  108 -0.001937  3.69764e+00  7.1875e-01
  109 -0.001840  2.40416e+00  5.6299e-01
  110 -0.001743  3.30326e+00  6.4135e-01
  111 -0.001647  2.15161e+00  5.1876e-01
  112 -0.001550  2.34716e+00  5.5550e-01
  113 -0.001453  1.99321e+00  5.1220e-01
  114 -0.001356  3.00598e+00  6.2552e-01
  115 -0.001259  4.07586e+00  7.0899e-01
  116 -0.001162  3.09191e+00  5.9603e-01
  117 -0.001065  4.48480e+00  7.0023e-01
  118 -0.000969  4.57578e+00  7.2290e-01
  119 -0.000872  6.37188e+00  9.0998e-01
  120 -0.000775  8.19282e+00  1.0922e+00
  121 -0.000678  1.64289e+01  1.5724e+00
  122 -0.000581  2.04251e+01  1.7487e+00
  123 -0.000484  3.14956e+01  2.1103e+00
  124 -0.000387  5.55882e+01  2.6326e+00
  125 -0.000291  7.66072e+01  2.8996e+00
  126 -0.000194  1.10251e+02  3.3932e+00
  127 -0.000097  1.35411e+02  3.8117e+00
  128  0.000000  1.65245e+02  4.3435e+00
  129  0.000097  1.72981e+02  4.5887e+00
  130  0.000194  1.61392e+02  4.5172e+00
  131  0.000291  1.41196e+02  4.3008e+00
  132  0.000387  1.20097e+02  4.1266e+00
  133  0.000484  9.89614e+01  3.8356e+00
  134  0.000581  7.87779e+01  3.3494e+00
  135  0.000678  5.99374e+01  2.7754e+00
  136  0.000775  3.79814e+01  2.0587e+00
  137  0.000872  2.57679e+01  1.6272e+00
  138  0.000969  1.61177e+01  1.3261e+00
  139  0.001065  1.02699e+01  1.1343e+00
  140  0.001162  8.25774e+00  1.0718e+00
  141  0.001259  9.99312e+00  1.2066e+00
  142  0.001356  6.58783e+00  9.7873e-01
  143  0.001453  5.55175e+00  8.7739e-01
  144  0.001550  7.29218e+00  9.7765e-01
  145  0.001647  4.66931e+00  7.7370e-01
  146  0.001743  5.21963e+00  8.0899e-01
  147  0.001840  5.74158e+00  8.3871e-01
  148  0.001937  6.60771e+00  9.0007e-01
  149  0.002034  4.96436e+00  7.9188e-01
  150  0.002131  6.09930e+00  8.9119e-01
  151  0.002228  6.82373e+00  9.6067e-01
  152  0.002325  4.62651e+00  8.0863e-01
  153  0.002421  7.52290e+00  1.0439e+00
  154  0.002518  8.49961e+00  1.1053e+00
  155  0.002615  7.60543e+00  1.0242e+00
  156  0.002712  9.22581e+00  1.1078e+00
  157  0.002809  6.64924e+00  9.3376e-01
  158  0.002906  8.03769e+00  1.0294e+00
  159  0.003003  9.52313e+00  1.1406e+00
  160  0.003099  5.27647e+00  8.5956e-01
  161  0.003196  7.62142e+00  1.0347e+00
  162  0.003293  6.22302e+00  9.2443e-01
  163  0.003390  5.44284e+00  8.5809e-01
  164  0.003487  4.27854e+00  7.6556e-01
  165  0.003584  3.48360e+00  6.9900e-01
  166  0.003681  4.87855e+00  8.3193e-01
  167  0.003778  3.79924e+00  7.3184e-01
  168  0.003874  2.13562e+00  5.4630e-01
  169  0.003971  2.37037e+00  5.7447e-01
  170  0.004068  1.78890e+00  4.9888e-01
  171  0.004165  1.49566e+00  4.6537e-01
  172  0.004262  2.06915e+00  5.6494e-01
  173  0.004359  1.73262e+00  5.3075e-01
  174  0.004456  9.71568e-01  3.9996e-01
  175  0.004552  1.28833e+00  4.5441e-01
  176  0.004649  2.05430e+00  5.5696e-01
  177  0.004746  2.06905e+00  5.3540e-01
  178  0.004843  2.41985e+00  5.5837e-01
  179  0.004940  1.96235e+00  4.9816e-01
  180  0.005037  1.22880e+00  4.1045e-01
  181  0.005134  1.85683e+00  5.3509e-01
  182  0.005230  1.96773e+00  5.7217e-01
  183  0.005327  3.20193e+00  7.4138e-01
  184  0.005424  1.50896e+00  5.1120e-01
  185  0.005521  8.93781e-01  3.9546e-01
  186  0.005618  8.67966e-01  3.9528e-01
  187  0.005715  1.84957e+00  5.8337e-01
  188  0.005812  1.37957e+00  5.0456e-01
  189  0.005908  1.49779e+00  5.1712e-01
  190  0.006005  2.07302e+00  5.8795e-01
  191  0.006102  1.27515e+00  4.4262e-01
  192  0.006199  1.88236e+00  5.2362e-01
  193  0.006296  1.74835e+00  5.0228e-01
  194  0.006393  2.08242e+00  5.6215e-01
  195  0.006490  1.37751e+00  4.6816e-01
  196  0.006586  1.08870e+00  4.2208e-01
  197  0.006683  1.69890e+00  5.3198e-01
  198  0.006780  1.82419e+00  5.5376e-01
  199  0.006877  1.33589e+00  4.7902e-01
  200  0.006974  1.79896e+00  5.6719e-01
  201  0.007071  1.03902e+00  4.4298e-01
  202  0.007168  2.20558e+00  6.6188e-01
  203  0.007264  1.42027e+00  5.3827e-01
  204  0.007361  2.46749e+00  7.0738e-01
  205  0.007458  1.90641e+00  6.1551e-01
  206  0.007555  1.31335e+00  4.9937e-01
  207  0.007652  2.73675e+00  7.0196e-01
  208  0.007749  2.96026e+00  6.9582e-01
  209  0.007846  2.00733e+00  5.3439e-01
  210  0.007942  2.14179e+00  5.6106e-01
  211  0.008039  2.36771e+00  6.4684e-01
  212  0.008136  2.08576e+00  6.4664e-01
  213  0.008233  1.07852e+00  4.7865e-01
  214  0.008330  1.29417e+00  5.3259e-01
  215  0.008427  2.72225e+00  7.8481e-01
  216  0.008524  2.70052e+00  7.9004e-01
  217  0.008620  2.09523e+00  6.8870e-01
  218  0.008717  1.81009e+00  6.2944e-01
  219  0.008814  1.86482e+00  6.2532e-01
  220  0.008911  2.89071e+00  7.6813e-01
  221  0.009008  1.55918e+00  5.6422e-01
  222  0.009105  1.80274e+00  6.1418e-01
  223  0.009202  2.29898e+00  6.8480e-01
  224  0.009298  1.04778e+00  4.4405e-01
  225  0.009395  2.07545e+00  5.9853e-01
  226  0.009492  1.32197e+00  4.9395e-01
  227  0.009589  1.68663e+00  6.1179e-01
  228  0.009686  1.21068e+00  5.5297e-01
  229  0.009783  1.70981e+00  6.8144e-01
  230  0.009880  1.08794e+00  5.5138e-01
  231  0.009977  1.37196e+00  6.1395e-01
  232  0.010073  2.52941e+00  7.9194e-01
  233  0.010170  1.68637e+00  5.9433e-01
  234  0.010267  1.77983e+00  5.4336e-01
  235  0.010364  1.62944e+00  4.7694e-01
  236  0.010461  1.72317e+00  5.0273e-01
  237  0.010558  1.75786e+00  5.5852e-01
  238  0.010655  2.56192e+00  7.1089e-01
  239  0.010751  2.17003e+00  6.8668e-01
  240  0.010848  1.58550e+00  6.4150e-01
  241  0.010945  1.58115e+00  6.6467e-01
  242  0.011042  3.04824e+00  9.4416e-01
  243  0.011139  2.20857e+00  8.2194e-01
  244  0.011236  1.92734e+00  7.6818e-01
  245  0.011333  1.92419e+00  7.3756e-01
  246  0.011429  2.56729e+00  8.0519e-01
  247  0.011526  1.37927e+00  5.7176e-01
  248  0.011623  2.24054e+00  6.9106e-01
  249  0.011720  2.93405e+00  7.2152e-01
  250  0.011817  2.15718e+00  5.4428e-01
  251  0.011914  2.10004e+00  4.6376e-01
  252  0.012011  2.35540e+00  4.2674e-01
  253  0.012107  1.83268e+00  3.3334e-01
  254  0.012204  1.51477e+00  2.7844e-01
  255  0.012301  1.98255e+00  2.3894e-01
  258    1    2    0    0    0    0  255
 TiCrHx 300K  # experiment title
  71.00   2.080  0.0000  300.000   0.0 0
                  0.0969  0.0000  0.0000
    1 -0.012301  7.27404e-01  2.0397e-01
    2 -0.012204  1.01788e+00  1.1542e-01
    3 -0.012107  9.36400e-01  1.4083e-01
    4 -0.012011  6.16817e-01  1.4446e-01
    5 -0.011914  8.37057e-01  2.0451e-01
    6 -0.011817  1.19387e+00  2.6976e-01
    7 -0.011720  9.36674e-01  2.3551e-01
    8 -0.011623  1.28276e+00  2.9252e-01
    9 -0.011526  5.55457e-01  2.0827e-01
   10 -0.011429  9.94039e-01  2.6307e-01
   11 -0.011333  6.40312e-01  1.7509e-01
   12 -0.011236  8.58098e-01  1.9110e-01
   13 -0.011139  1.30775e+00  2.9687e-01
   14 -0.011042  1.06115e+00  2.9475e-01
   15 -0.010945  5.85865e-01  2.2156e-01
   16 -0.010848  1.07260e+00  3.2689e-01
   17 -0.010751  8.93723e-01  3.2288e-01
   18 -0.010655  1.08071e+00  3.5022e-01
   19 -0.010558  1.23743e+00  3.4030e-01
   20 -0.010461  8.07860e-01  2.4137e-01
   21 -0.010364  8.63373e-01  2.3807e-01
   22 -0.010267  8.79347e-01  2.5186e-01
   23 -0.010170  8.05731e-01  2.6718e-01
   24 -0.010073  8.48378e-01  3.0206e-01
   25 -0.009977  7.00863e-01  2.9395e-01
   26 -0.009880  5.61644e-01  2.7091e-01
   27 -0.009783  3.11385e-01  2.0132e-01
   28 -0.009686  9.62813e-01  3.4719e-01
   29 -0.009589  1.18802e+00  3.7585e-01
   30 -0.009492  1.18804e+00  3.5678e-01
   31 -0.009395  6.87411e-01  2.4991e-01
   32 -0.009298  8.97693e-01  2.6856e-01
   33 -0.009202  1.16456e+00  3.1571e-01
   34 -0.009105  9.44066e-01  3.0302e-01
   35 -0.009008  8.94414e-01  3.0441e-01
   36 -0.008911  1.22168e+00  3.6127e-01
   37 -0.008814  1.00361e+00  3.2823e-01
   38 -0.008717  1.35036e+00  3.7738e-01
   39 -0.008620  1.14679e+00  3.4416e-01
   40 -0.008524  6.77005e-01  2.6338e-01
   41 -0.008427  1.00162e+00  3.2938e-01
   42 -0.008330  1.43957e+00  4.1005e-01
   43 -0.008233  1.06313e+00  3.5981e-01
   44 -0.008136  1.16336e+00  3.7451e-01
   45 -0.008039  1.16960e+00  3.6409e-01
   46 -0.007942  8.34160e-01  2.9177e-01
   47 -0.007846  6.98567e-01  2.5279e-01
   48 -0.007749  1.28254e+00  3.3669e-01
   49 -0.007652  8.51067e-01  2.8256e-01
   50 -0.007555  8.86711e-01  3.0223e-01
   51 -0.007458  1.25254e+00  3.7137e-01
   52 -0.007361  9.25794e-01  3.2445e-01
   53 -0.007264  6.30541e-01  2.7143e-01
   54 -0.007168  4.88363e-01  2.3990e-01
   55 -0.007071  8.79260e-01  3.1798e-01
   56 -0.006974  1.47935e+00  4.0279e-01
   57 -0.006877  1.03186e+00  3.2304e-01
   58 -0.006780  7.98181e-01  2.6979e-01
   59 -0.006683  1.08397e+00  2.9904e-01
   60 -0.006586  1.53958e+00  3.5309e-01
   61 -0.006490  1.12203e+00  3.1459e-01
   62 -0.006393  1.07614e+00  3.3591e-01
   63 -0.006296  1.04671e+00  3.5416e-01
   64 -0.006199  1.41719e+00  4.2616e-01
   65 -0.006102  8.81559e-01  3.3786e-01
   66 -0.006005  1.10188e+00  3.6487e-01
   67 -0.005908  7.51581e-01  2.8125e-01
   68 -0.005812  1.13358e+00  3.1046e-01
   69 -0.005715  1.37309e+00  3.2757e-01
   70 -0.005618  8.89987e-01  2.7991e-01
   71 -0.005521  8.43261e-01  2.8830e-01
   72 -0.005424  1.04023e+00  3.3014e-01
   73 -0.005327  1.04453e+00  3.3424e-01
   74 -0.005230  7.57436e-01  2.8123e-01
   75 -0.005134  1.38894e+00  3.7860e-01
   76 -0.005037  9.58278e-01  3.1597e-01
   77 -0.004940  1.05758e+00  3.3378e-01
   78 -0.004843  8.94332e-01  3.0508e-01
   79 -0.004746  5.99801e-01  2.4300e-01
   80 -0.004649  8.13332e-01  2.6909e-01
   81 -0.004552  8.85367e-01  2.6876e-01
   82 -0.004456  1.04311e+00  2.9460e-01
   83 -0.004359  1.60421e+00  3.9553e-01
   84 -0.004262  1.03383e+00  3.3985e-01
   85 -0.004165  1.11440e+00  3.6440e-01
   86 -0.004068  5.59243e-01  2.5779e-01
   87 -0.003971  8.97446e-01  3.1442e-01
   88 -0.003874  9.74307e-01  3.0281e-01
   89 -0.003778  5.33457e-01  2.0929e-01
   90 -0.003681  5.98335e-01  2.2519e-01
   91 -0.003584  1.29472e+00  3.4670e-01
   92 -0.003487  1.55922e+00  3.9174e-01
   93 -0.003390  1.28819e+00  3.6278e-01
   94 -0.003293  1.04020e+00  3.2626e-01
   95 -0.003196  7.13021e-01  2.6184e-01
   96 -0.003099  1.06416e+00  3.0948e-01
   97 -0.003003  1.51486e+00  3.7500e-01
   98 -0.002906  1.80816e+00  4.3217e-01
   99 -0.002809  1.13364e+00  3.5221e-01
  100 -0.002712  1.56289e+00  4.0911e-01
  101 -0.002615  6.49876e-01  2.5450e-01
  102 -0.002518  1.76859e+00  3.9476e-01
  103 -0.002421  1.82942e+00  3.8153e-01
  104 -0.002325  1.80735e+00  3.7966e-01
  105 -0.002228  1.31487e+00  3.4152e-01
  106 -0.002131  1.58790e+00  3.9635e-01
  107 -0.002034  1.15386e+00  3.4881e-01
  108 -0.001937  1.14237e+00  3.4681e-01
  109 -0.001840  1.50428e+00  3.8661e-01
  110 -0.001743  1.79139e+00  4.1002e-01
  111 -0.001647  1.60194e+00  3.8859e-01
  112 -0.001550  1.97792e+00  4.4270e-01
  113 -0.001453  1.37380e+00  3.6916e-01
  114 -0.001356  1.81732e+00  4.2223e-01
  115 -0.001259  3.87664e+00  6.0028e-01
  116 -0.001162  2.42951e+00  4.5867e-01
  117 -0.001065  2.46318e+00  4.5051e-01
  118 -0.000969  3.00437e+00  5.0852e-01
  119 -0.000872  3.14007e+00  5.5456e-01
  120 -0.000775  3.83989e+00  6.4912e-01
  121 -0.000678  4.89236e+00  7.4484e-01
  122 -0.000581  6.32471e+00  8.4465e-01
  123 -0.000484  1.00264e+01  1.0334e+00
  124 -0.000387  1.41200e+01  1.1514e+00
  125 -0.000291  1.98967e+01  1.2822e+00
  126 -0.000194  2.76253e+01  1.4734e+00
  127 -0.000097  4.34981e+01  1.8740e+00
  128  0.000000  5.42177e+01  2.1578e+00
  129  0.000097  7.13929e+01  2.5571e+00
  130  0.000194  8.48000e+01  2.8412e+00
  131  0.000291  1.03572e+02  3.1976e+00
  132  0.000387  1.08294e+02  3.4027e+00
  133  0.000484  1.09660e+02  3.5069e+00
  134  0.000581  1.09592e+02  3.4320e+00
  135  0.000678  1.10272e+02  3.2711e+00
  136  0.000775  1.10493e+02  3.0519e+00
  137  0.000872  1.06050e+02  2.8693e+00
  138  0.000969  1.04161e+02  2.9304e+00
  139  0.001065  9.67528e+01  3.0261e+00
  140  0.001162  8.69365e+01  3.0224e+00
  141  0.001259  7.73529e+01  2.9171e+00
  142  0.001356  7.95498e+01  2.9556e+00
  143  0.001453  6.36635e+01  2.5815e+00
  144  0.001550  6.43628e+01  2.5236e+00
  145  0.001647  5.38011e+01  2.2816e+00
  146  0.001743  4.80932e+01  2.1332e+00
  147  0.001840  4.13059e+01  1.9540e+00
  148  0.001937  3.53561e+01  1.8083e+00
  149  0.002034  2.70153e+01  1.6042e+00
  150  0.002131  2.02387e+01  1.4096e+00
  151  0.002228  1.49241e+01  1.2335e+00
  152  0.002325  1.24738e+01  1.1528e+00
  153  0.002421  8.27338e+00  9.5044e-01
  154  0.002518  7.63469e+00  9.0942e-01
  155  0.002615  5.62537e+00  7.6468e-01
  156  0.002712  3.93994e+00  6.2844e-01
  157  0.002809  3.37833e+00  5.7780e-01
  158  0.002906  2.64837e+00  5.1295e-01
  159  0.003003  3.42401e+00  5.9369e-01
  160  0.003099  2.67498e+00  5.3131e-01
  161  0.003196  2.44248e+00  5.0849e-01
  162  0.003293  1.28920e+00  3.6526e-01
  163  0.003390  3.03317e+00  5.5610e-01
  164  0.003487  1.73354e+00  4.2304e-01
  165  0.003584  1.85693e+00  4.4304e-01
  166  0.003681  2.59939e+00  5.2718e-01
  167  0.003778  1.72240e+00  4.2778e-01
  168  0.003874  1.50240e+00  3.9779e-01
  169  0.003971  1.35861e+00  3.7757e-01
  170  0.004068  1.53613e+00  4.0133e-01
  171  0.004165  1.75810e+00  4.3802e-01
  172  0.004262  1.39305e+00  4.0242e-01
  173  0.004359  1.34584e+00  4.0609e-01
  174  0.004456  1.13779e+00  3.7575e-01
  175  0.004552  1.63820e+00  4.4485e-01
  176  0.004649  1.24016e+00  3.7568e-01
  177  0.004746  1.26441e+00  3.6335e-01
  178  0.004843  1.08574e+00  3.2470e-01
  179  0.004940  1.13726e+00  3.2923e-01
  180  0.005037  1.05312e+00  3.2987e-01
  181  0.005134  1.29530e+00  3.8799e-01
  182  0.005230  8.76440e-01  3.3150e-01
  183  0.005327  1.28533e+00  4.0778e-01
  184  0.005424  1.30366e+00  4.1250e-01
  185  0.005521  1.30971e+00  4.1559e-01
  186  0.005618  1.23523e+00  4.0938e-01
  187  0.005715  1.00224e+00  3.7280e-01
  188  0.005812  1.65965e+00  4.8044e-01
  189  0.005908  1.22656e+00  4.0626e-01
  190  0.006005  1.03602e+00  3.6084e-01
  191  0.006102  1.16377e+00  3.6710e-01
  192  0.006199  1.70826e+00  4.3305e-01
  193  0.006296  8.19702e-01  2.9857e-01
  194  0.006393  1.23358e+00  3.7561e-01
  195  0.006490  1.80459e+00  4.6519e-01
  196  0.006586  9.62304e-01  3.4450e-01
  197  0.006683  6.92017e-01  2.9475e-01
  198  0.006780  1.55666e+00  4.4410e-01
  199  0.006877  1.00479e+00  3.6066e-01
  200  0.006974  1.07684e+00  3.8096e-01
  201  0.007071  1.22060e+00  4.1682e-01
  202  0.007168  8.53383e-01  3.5741e-01
  203  0.007264  4.94978e-01  2.7586e-01
  204  0.007361  7.86993e-01  3.4681e-01
  205  0.007458  7.71301e-01  3.3988e-01
  206  0.007555  7.80893e-01  3.3429e-01
  207  0.007652  9.27642e-01  3.5479e-01
  208  0.007749  1.06877e+00  3.6296e-01
  209  0.007846  6.76748e-01  2.6937e-01
  210  0.007942  1.34800e+00  3.8641e-01
  211  0.008039  8.29643e-01  3.3240e-01
  212  0.008136  1.21946e+00  4.2924e-01
  213  0.008233  8.11939e-01  3.6054e-01
  214  0.008330  1.44160e+00  4.8799e-01
  215  0.008427  5.31605e-01  3.0108e-01
  216  0.008524  7.27046e-01  3.5587e-01
  217  0.008620  1.27322e+00  4.6607e-01
  218  0.008717  1.10887e+00  4.2770e-01
  219  0.008814  1.40648e+00  4.7145e-01
  220  0.008911  1.87029e+00  5.3638e-01
  221  0.009008  1.12087e+00  4.1530e-01
  222  0.009105  1.17149e+00  4.2982e-01
  223  0.009202  1.20592e+00  4.3057e-01
  224  0.009298  1.42351e+00  4.4933e-01
  225  0.009395  1.74332e+00  4.7622e-01
  226  0.009492  1.53852e+00  4.6261e-01
  227  0.009589  1.33675e+00  4.7283e-01
  228  0.009686  1.55940e+00  5.4483e-01
  229  0.009783  7.16268e-01  3.8289e-01
  230  0.009880  9.88341e-01  4.5624e-01
  231  0.009977  9.70420e-01  4.4826e-01
  232  0.010073  8.62804e-01  4.0153e-01
  233  0.010170  8.30955e-01  3.6218e-01
  234  0.010267  1.01243e+00  3.5577e-01
  235  0.010364  1.63740e+00  4.1506e-01
  236  0.010461  1.64499e+00  4.2643e-01
  237  0.010558  1.55937e+00  4.5668e-01
  238  0.010655  1.16941e+00  4.1695e-01
  239  0.010751  1.41812e+00  4.8191e-01
  240  0.010848  1.41106e+00  5.2538e-01
  241  0.010945  9.12177e-01  4.3828e-01
  242  0.011042  1.82576e+00  6.3435e-01
  243  0.011139  1.69653e+00  6.2540e-01
  244  0.011236  1.96803e+00  6.7390e-01
  245  0.011333  1.58838e+00  5.8176e-01
  246  0.011429  5.69609e-01  3.2925e-01
  247  0.011526  1.11273e+00  4.4584e-01
  248  0.011623  1.06579e+00  4.1377e-01
  249  0.011720  6.63105e-01  2.9777e-01
  250  0.011817  1.68835e+00  4.1803e-01
  251  0.011914  1.37947e+00  3.2630e-01
  252  0.012011  1.49145e+00  2.9480e-01
  253  0.012107  1.42624e+00  2.5529e-01
  254  0.012204  9.49116e-01  1.9134e-01
  255  0.012301  1.24350e+00  1.6428e-01
  258    1    2    0    0    0    0  255
 TiCrHx 300K  # experiment title
  91.00   2.080  0.0000  300.000   0.0 0
                  0.0969  0.0000  0.0000
    1 -0.012301  6.29017e-01  1.6760e-01
    2 -0.012204  7.68059e-01  8.8596e-02
    3 -0.012107  5.84410e-01  9.8308e-02
    4 -0.012011  8.12395e-01  1.4650e-01
    5 -0.011914  5.25686e-01  1.4321e-01
    6 -0.011817  3.16530e-01  1.2274e-01
    7 -0.011720  6.06146e-01  1.6741e-01
    8 -0.011623  6.67997e-01  1.8653e-01
    9 -0.011526  6.12523e-01  1.9326e-01
   10 -0.011429  8.36661e-01  2.1326e-01
   11 -0.011333  8.73730e-01  1.8073e-01
   12 -0.011236  7.27603e-01  1.5550e-01
   13 -0.011139  5.76715e-01  1.7420e-01
   14 -0.011042  3.20453e-01  1.4313e-01
   15 -0.010945  4.78427e-01  1.7692e-01
   16 -0.010848  5.35206e-01  2.0404e-01
   17 -0.010751  6.56147e-01  2.4446e-01
   18 -0.010655  8.84405e-01  2.7995e-01
   19 -0.010558  6.26849e-01  2.1402e-01
   20 -0.010461  7.29622e-01  2.0269e-01
   21 -0.010364  8.09287e-01  2.0367e-01
   22 -0.010267  6.68540e-01  1.9405e-01
   23 -0.010170  7.60036e-01  2.2930e-01
   24 -0.010073  6.12966e-01  2.2688e-01
   25 -0.009977  6.33182e-01  2.4688e-01
   26 -0.009880  7.33850e-01  2.7364e-01
   27 -0.009783  8.32044e-01  2.9079e-01
   28 -0.009686  8.67952e-01  2.9128e-01
   29 -0.009589  8.27812e-01  2.7723e-01
   30 -0.009492  8.76918e-01  2.7085e-01
   31 -0.009395  1.09888e+00  2.7921e-01
   32 -0.009298  1.12430e+00  2.6558e-01
   33 -0.009202  9.73464e-01  2.5506e-01
   34 -0.009105  4.95690e-01  1.9402e-01
   35 -0.009008  4.64038e-01  1.9375e-01
   36 -0.008911  8.86303e-01  2.7191e-01
   37 -0.008814  9.59146e-01  2.8354e-01
   38 -0.008717  7.47640e-01  2.4813e-01
   39 -0.008620  9.45413e-01  2.7612e-01
   40 -0.008524  5.21121e-01  2.0419e-01
   41 -0.008427  9.91724e-01  2.8962e-01
   42 -0.008330  9.94413e-01  3.0114e-01
   43 -0.008233  9.81716e-01  3.0553e-01
   44 -0.008136  8.22316e-01  2.7823e-01
   45 -0.008039  8.10011e-01  2.6774e-01
   46 -0.007942  9.55036e-01  2.7587e-01
   47 -0.007846  7.61741e-01  2.3325e-01
   48 -0.007749  9.29197e-01  2.5323e-01
   49 -0.007652  7.08486e-01  2.2781e-01
   50 -0.007555  5.62075e-01  2.1263e-01
   51 -0.007458  8.78316e-01  2.7479e-01
   52 -0.007361  8.13071e-01  2.6868e-01
   53 -0.007264  4.69361e-01  2.0694e-01
   54 -0.007168  5.38061e-01  2.2251e-01
   55 -0.007071  6.73573e-01  2.4593e-01
   56 -0.006974  7.75856e-01  2.5776e-01
   57 -0.006877  6.19663e-01  2.2120e-01
   58 -0.006780  8.36665e-01  2.4408e-01
   59 -0.006683  1.19615e+00  2.7758e-01
   60 -0.006586  6.90359e-01  2.0893e-01
   61 -0.006490  8.94351e-01  2.4818e-01
   62 -0.006393  9.49130e-01  2.7876e-01
   63 -0.006296  4.79228e-01  2.1175e-01
   64 -0.006199  9.80486e-01  3.1322e-01
   65 -0.006102  7.07017e-01  2.6736e-01
   66 -0.006005  6.36522e-01  2.4505e-01
   67 -0.005908  9.23596e-01  2.7550e-01
   68 -0.005812  5.85227e-01  1.9711e-01
   69 -0.005715  6.24059e-01  1.9513e-01
   70 -0.005618  8.28200e-01  2.3860e-01
   71 -0.005521  8.32889e-01  2.5318e-01
   72 -0.005424  7.21867e-01  2.4302e-01
   73 -0.005327  1.31618e+00  3.3154e-01
   74 -0.005230  1.28673e+00  3.2390e-01
   75 -0.005134  1.59262e+00  3.5824e-01
   76 -0.005037  4.91561e-01  1.9997e-01
   77 -0.004940  6.03888e-01  2.2287e-01
   78 -0.004843  8.43264e-01  2.6177e-01
   79 -0.004746  1.40279e+00  3.2838e-01
   80 -0.004649  1.12136e+00  2.7920e-01
   81 -0.004552  1.13521e+00  2.6892e-01
   82 -0.004456  1.04648e+00  2.6075e-01
   83 -0.004359  8.36714e-01  2.5241e-01
   84 -0.004262  9.88788e-01  2.9369e-01
   85 -0.004165  1.00578e+00  3.0590e-01
   86 -0.004068  9.41626e-01  2.9558e-01
   87 -0.003971  1.14770e+00  3.1420e-01
   88 -0.003874  1.61160e+00  3.4414e-01
   89 -0.003778  1.00686e+00  2.5408e-01
   90 -0.003681  1.23861e+00  2.8630e-01
   91 -0.003584  7.31812e-01  2.3032e-01
   92 -0.003487  1.47775e+00  3.3699e-01
   93 -0.003390  1.67323e+00  3.6535e-01
   94 -0.003293  1.67063e+00  3.6536e-01
   95 -0.003196  1.27226e+00  3.0907e-01
   96 -0.003099  9.77950e-01  2.6216e-01
   97 -0.003003  1.47242e+00  3.2669e-01
   98 -0.002906  1.83363e+00  3.8457e-01
   99 -0.002809  1.95599e+00  4.0882e-01
  100 -0.002712  1.28696e+00  3.2805e-01
  101 -0.002615  1.45534e+00  3.3654e-01
  102 -0.002518  9.25941e-01  2.5239e-01
  103 -0.002421  1.91263e+00  3.4472e-01
  104 -0.002325  1.80215e+00  3.3500e-01
  105 -0.002228  1.80766e+00  3.5384e-01
  106 -0.002131  2.10893e+00  4.0363e-01
  107 -0.002034  2.82977e+00  4.8270e-01
  108 -0.001937  2.54769e+00  4.5767e-01
  109 -0.001840  2.00046e+00  3.9396e-01
  110 -0.001743  1.62585e+00  3.4516e-01
  111 -0.001647  1.99816e+00  3.8350e-01
  112 -0.001550  2.85435e+00  4.6994e-01
  113 -0.001453  2.66399e+00  4.5426e-01
  114 -0.001356  3.40816e+00  5.1096e-01
  115 -0.001259  5.42557e+00  6.2754e-01
  116 -0.001162  4.66441e+00  5.6161e-01
  117 -0.001065  5.42312e+00  5.9072e-01
  118 -0.000969  8.63633e+00  7.6194e-01
  119 -0.000872  1.27648e+01  9.8819e-01
  120 -0.000775  1.79011e+01  1.2388e+00
  121 -0.000678  2.91506e+01  1.6073e+00
  122 -0.000581  4.81331e+01  2.0606e+00
  123 -0.000484  7.47674e+01  2.4967e+00
  124 -0.000387  1.13216e+02  2.8863e+00
  125 -0.000291  1.71664e+02  3.3372e+00
  126 -0.000194  2.22779e+02  3.7106e+00
  127 -0.000097  2.74196e+02  4.1753e+00
  128  0.000000  3.12578e+02  4.6003e+00
  129  0.000097  3.15452e+02  4.7717e+00
  130  0.000194  2.78363e+02  4.5658e+00
  131  0.000291  2.25569e+02  4.1806e+00
  132  0.000387  1.85077e+02  3.9378e+00
  133  0.000484  1.43590e+02  3.5497e+00
  134  0.000581  1.05336e+02  2.9742e+00
  135  0.000678  6.83759e+01  2.2754e+00
  136  0.000775  4.42748e+01  1.7058e+00
  137  0.000872  2.37043e+01  1.1974e+00
  138  0.000969  1.40839e+01  9.5102e-01
  139  0.001065  1.10627e+01  9.0315e-01
  140  0.001162  8.69347e+00  8.4366e-01
  141  0.001259  7.72488e+00  8.1381e-01
  142  0.001356  8.30447e+00  8.4303e-01
  143  0.001453  8.06183e+00  8.1114e-01
  144  0.001550  7.88484e+00  7.7991e-01
  145  0.001647  7.81313e+00  7.6783e-01
  146  0.001743  7.85143e+00  7.6120e-01
  147  0.001840  8.68829e+00  7.9153e-01
  148  0.001937  8.40040e+00  7.7858e-01
  149  0.002034  7.14093e+00  7.2862e-01
  150  0.002131  6.71702e+00  7.1748e-01
  151  0.002228  6.54946e+00  7.2202e-01
  152  0.002325  6.09503e+00  7.1203e-01
  153  0.002421  4.95388e+00  6.4986e-01
  154  0.002518  3.63241e+00  5.5427e-01
  155  0.002615  4.19466e+00  5.8348e-01
  156  0.002712  3.30542e+00  5.0864e-01
  157  0.002809  3.04927e+00  4.8507e-01
  158  0.002906  1.86019e+00  3.7987e-01
  159  0.003003  1.97251e+00  3.9817e-01
  160  0.003099  1.82334e+00  3.8761e-01
  161  0.003196  1.27342e+00  3.2443e-01
  162  0.003293  1.19151e+00  3.1029e-01
  163  0.003390  1.45925e+00  3.4083e-01
  164  0.003487  1.19935e+00  3.1093e-01
  165  0.003584  1.83237e+00  3.8889e-01
  166  0.003681  1.43862e+00  3.4655e-01
  167  0.003778  9.59072e-01  2.8206e-01
  168  0.003874  9.65805e-01  2.8182e-01
  169  0.003971  1.14547e+00  3.0635e-01
  170  0.004068  1.69686e+00  3.7273e-01
  171  0.004165  9.05361e-01  2.7775e-01
  172  0.004262  1.13885e+00  3.2151e-01
  173  0.004359  9.24132e-01  2.9735e-01
  174  0.004456  1.38554e+00  3.6640e-01
  175  0.004552  1.22422e+00  3.3981e-01
  176  0.004649  9.04000e-01  2.8343e-01
  177  0.004746  8.91484e-01  2.6959e-01
  178  0.004843  6.24271e-01  2.1756e-01
  179  0.004940  1.14022e+00  2.9130e-01
  180  0.005037  1.01251e+00  2.8581e-01
  181  0.005134  1.42150e+00  3.5916e-01
  182  0.005230  7.36594e-01  2.6854e-01
  183  0.005327  1.27294e+00  3.5859e-01
  184  0.005424  6.67202e-01  2.6076e-01
  185  0.005521  9.20037e-01  3.0779e-01
  186  0.005618  9.64915e-01  3.1972e-01
  187  0.005715  1.13908e+00  3.5120e-01
  188  0.005812  7.97787e-01  2.9434e-01
  189  0.005908  7.47439e-01  2.8023e-01
  190  0.006005  7.66106e-01  2.7419e-01
  191  0.006102  4.45553e-01  2.0071e-01
  192  0.006199  6.95867e-01  2.4423e-01
  193  0.006296  9.22312e-01  2.7985e-01
  194  0.006393  6.59714e-01  2.4272e-01
  195  0.006490  9.72854e-01  3.0181e-01
  196  0.006586  7.69196e-01  2.7216e-01
  197  0.006683  1.12437e+00  3.3199e-01
  198  0.006780  7.62985e-01  2.7473e-01
  199  0.006877  8.72417e-01  2.9696e-01
  200  0.006974  6.90890e-01  2.6964e-01
  201  0.007071  8.01760e-01  2.9851e-01
  202  0.007168  1.25045e+00  3.8231e-01
  203  0.007264  3.86249e-01  2.1533e-01
  204  0.007361  1.04598e+00  3.5330e-01
  205  0.007458  6.10971e-01  2.6730e-01
  206  0.007555  5.49397e-01  2.4777e-01
  207  0.007652  1.26756e+00  3.6647e-01
  208  0.007749  9.95569e-01  3.0955e-01
  209  0.007846  8.73138e-01  2.7037e-01
  210  0.007942  7.42049e-01  2.5333e-01
  211  0.008039  8.91054e-01  3.0440e-01
  212  0.008136  7.86364e-01  3.0458e-01
  213  0.008233  1.07978e+00  3.6740e-01
  214  0.008330  9.16471e-01  3.4381e-01
  215  0.008427  6.07412e-01  2.8438e-01
  216  0.008524  6.43139e-01  2.9576e-01
  217  0.008620  8.69064e-01  3.4025e-01
  218  0.008717  8.43128e-01  3.2955e-01
  219  0.008814  9.74624e-01  3.4679e-01
  220  0.008911  1.13357e+00  3.6899e-01
  221  0.009008  6.88327e-01  2.8758e-01
  222  0.009105  1.01882e+00  3.5420e-01
  223  0.009202  8.28337e-01  3.1533e-01
  224  0.009298  1.19618e+00  3.6397e-01
  225  0.009395  6.18455e-01  2.5064e-01
  226  0.009492  9.76709e-01  3.2570e-01
  227  0.009589  1.00478e+00  3.6224e-01
  228  0.009686  6.22924e-01  3.0428e-01
  229  0.009783  9.57618e-01  3.9121e-01
  230  0.009880  9.18389e-01  3.8862e-01
  231  0.009977  1.39125e+00  4.7428e-01
  232  0.010073  6.13179e-01  2.9911e-01
  233  0.010170  8.88237e-01  3.3089e-01
  234  0.010267  8.67925e-01  2.9107e-01
  235  0.010364  6.95109e-01  2.3896e-01
  236  0.010461  8.06454e-01  2.6383e-01
  237  0.010558  9.97295e-01  3.2272e-01
  238  0.010655  4.86651e-01  2.3768e-01
  239  0.010751  7.37872e-01  3.0717e-01
  240  0.010848  9.48077e-01  3.8054e-01
  241  0.010945  1.18818e+00  4.4201e-01
  242  0.011042  1.92676e+00  5.7584e-01
  243  0.011139  7.59607e-01  3.6978e-01
  244  0.011236  1.02445e+00  4.2963e-01
  245  0.011333  8.50586e-01  3.7618e-01
  246  0.011429  9.86916e-01  3.8297e-01
  247  0.011526  3.61482e-01  2.2454e-01
  248  0.011623  6.92063e-01  2.9463e-01
  249  0.011720  4.83707e-01  2.2473e-01
  250  0.011817  6.45696e-01  2.2843e-01
  251  0.011914  1.53311e+00  3.0397e-01
  252  0.012011  1.38480e+00  2.5101e-01
  253  0.012107  9.08948e-01  1.8008e-01
  254  0.012204  9.37051e-01  1.6800e-01
  255  0.012301  9.83984e-01  1.2913e-01
  258    1    2    0    0    0    0  255
 TiCrHx 300K  # experiment title
 111.00   2.080  0.0000  300.000   0.0 0
                  0.0969  0.0000  0.0000
    1 -0.012301  7.21847e-01  1.8823e-01
    2 -0.012204  6.65865e-01  8.6484e-02
    3 -0.012107  7.94954e-01  1.2021e-01
    4 -0.012011  6.06263e-01  1.3268e-01
    5 -0.011914  2.45805e-01  1.0267e-01
    6 -0.011817  5.79623e-01  1.7413e-01
    7 -0.011720  5.96702e-01  1.7414e-01
    8 -0.011623  7.80004e-01  2.1131e-01
    9 -0.011526  7.75926e-01  2.2804e-01
   10 -0.011429  6.49161e-01  1.9694e-01
   11 -0.011333  6.46025e-01  1.6292e-01
   12 -0.011236  9.37496e-01  1.8505e-01
   13 -0.011139  6.93246e-01  2.0023e-01
   14 -0.011042  4.98971e-01  1.8724e-01
   15 -0.010945  4.05753e-01  1.7081e-01
   16 -0.010848  6.36326e-01  2.3325e-01
   17 -0.010751  5.55130e-01  2.3574e-01
   18 -0.010655  1.04921e+00  3.1968e-01
   19 -0.010558  3.90037e-01  1.7699e-01
   20 -0.010461  5.29441e-01  1.8102e-01
   21 -0.010364  9.30672e-01  2.2898e-01
   22 -0.010267  9.43894e-01  2.4173e-01
   23 -0.010170  9.55906e-01  2.6960e-01
   24 -0.010073  9.70154e-01  2.9924e-01
   25 -0.009977  7.80371e-01  2.8734e-01
   26 -0.009880  5.38717e-01  2.4579e-01
   27 -0.009783  9.59263e-01  3.2734e-01
   28 -0.009686  8.70115e-01  3.0576e-01
   29 -0.009589  7.52333e-01  2.7708e-01
   30 -0.009492  6.06801e-01  2.3621e-01
   31 -0.009395  7.68262e-01  2.4475e-01
   32 -0.009298  7.24413e-01  2.2350e-01
   33 -0.009202  5.72809e-01  2.0512e-01
   34 -0.009105  8.39417e-01  2.6470e-01
   35 -0.009008  5.90540e-01  2.2914e-01
   36 -0.008911  5.49267e-01  2.2441e-01
   37 -0.008814  1.05328e+00  3.1151e-01
   38 -0.008717  9.62919e-01  2.9522e-01
   39 -0.008620  8.48659e-01  2.7427e-01
   40 -0.008524  1.06017e+00  3.0533e-01
   41 -0.008427  9.08108e-01  2.9055e-01
   42 -0.008330  9.81581e-01  3.1367e-01
   43 -0.008233  7.06025e-01  2.7164e-01
   44 -0.008136  8.35397e-01  2.9400e-01
   45 -0.008039  1.01151e+00  3.1367e-01
   46 -0.007942  9.26553e-01  2.8487e-01
   47 -0.007846  9.69195e-01  2.7584e-01
   48 -0.007749  7.40314e-01  2.3697e-01
   49 -0.007652  4.95669e-01  1.9977e-01
   50 -0.007555  5.30294e-01  2.1652e-01
   51 -0.007458  6.60373e-01  2.4980e-01
   52 -0.007361  9.96309e-01  3.1181e-01
   53 -0.007264  1.04174e+00  3.2321e-01
   54 -0.007168  9.98110e-01  3.1773e-01
   55 -0.007071  1.15246e+00  3.3725e-01
   56 -0.006974  4.69961e-01  2.1032e-01
   57 -0.006877  7.93276e-01  2.6239e-01
   58 -0.006780  4.44978e-01  1.8661e-01
   59 -0.006683  1.10264e+00  2.7941e-01
   60 -0.006586  5.87951e-01  2.0214e-01
   61 -0.006490  7.05594e-01  2.3111e-01
   62 -0.006393  7.25135e-01  2.5544e-01
   63 -0.006296  6.42593e-01  2.5707e-01
   64 -0.006199  7.12854e-01  2.7999e-01
   65 -0.006102  7.49299e-01  2.8856e-01
   66 -0.006005  1.11149e+00  3.3949e-01
   67 -0.005908  1.14222e+00  3.2120e-01
   68 -0.005812  5.36280e-01  1.9782e-01
   69 -0.005715  7.64189e-01  2.2638e-01
   70 -0.005618  1.54619e+00  3.4179e-01
   71 -0.005521  6.66344e-01  2.3741e-01
   72 -0.005424  9.03320e-01  2.8500e-01
   73 -0.005327  7.53474e-01  2.6298e-01
   74 -0.005230  6.11782e-01  2.3414e-01
   75 -0.005134  9.03296e-01  2.8285e-01
   76 -0.005037  8.83582e-01  2.8107e-01
   77 -0.004940  6.13647e-01  2.3554e-01
   78 -0.004843  1.12817e+00  3.1743e-01
   79 -0.004746  1.14847e+00  3.1150e-01
   80 -0.004649  9.70566e-01  2.7232e-01
   81 -0.004552  7.41835e-01  2.2791e-01
   82 -0.004456  9.20322e-01  2.5635e-01
   83 -0.004359  9.58306e-01  2.8320e-01
   84 -0.004262  1.13743e+00  3.3024e-01
   85 -0.004165  8.30812e-01  2.9147e-01
   86 -0.004068  1.38410e+00  3.7570e-01
   87 -0.003971  8.33720e-01  2.8075e-01
   88 -0.003874  1.03281e+00  2.8883e-01
   89 -0.003778  9.44992e-01  2.5806e-01
   90 -0.003681  1.13233e+00  2.8699e-01
   91 -0.003584  5.91585e-01  2.1710e-01
   92 -0.003487  1.42195e+00  3.4656e-01
   93 -0.003390  1.45875e+00  3.5764e-01
   94 -0.003293  1.42185e+00  3.5337e-01
   95 -0.003196  9.99724e-01  2.8723e-01
   96 -0.003099  1.05810e+00  2.8588e-01
   97 -0.003003  8.17582e-01  2.5521e-01
   98 -0.002906  2.10231e+00  4.3171e-01
   99 -0.002809  1.56027e+00  3.8279e-01
  100 -0.002712  1.51167e+00  3.7274e-01
  101 -0.002615  7.93483e-01  2.6052e-01
  102 -0.002518  1.28557e+00  3.1179e-01
  103 -0.002421  2.02848e+00  3.7219e-01
  104 -0.002325  1.31389e+00  2.9988e-01
  105 -0.002228  2.05874e+00  3.9589e-01
  106 -0.002131  2.45448e+00  4.5652e-01
  107 -0.002034  2.09217e+00  4.3512e-01
  108 -0.001937  2.00624e+00  4.2578e-01
  109 -0.001840  2.62873e+00  4.7346e-01
  110 -0.001743  2.34254e+00  4.3436e-01
  111 -0.001647  2.72845e+00  4.6982e-01
  112 -0.001550  2.55121e+00  4.6578e-01
  113 -0.001453  2.90175e+00  4.9704e-01
  114 -0.001356  2.93996e+00  4.9752e-01
  115 -0.001259  2.46184e+00  4.4314e-01
  116 -0.001162  2.25289e+00  4.0918e-01
  117 -0.001065  3.62798e+00  5.0652e-01
  118 -0.000969  6.13218e+00  6.7307e-01
  119 -0.000872  7.89936e+00  8.1491e-01
  120 -0.000775  1.02354e+01  9.8189e-01
  121 -0.000678  1.67414e+01  1.2767e+00
  122 -0.000581  2.38085e+01  1.5186e+00
  123 -0.000484  3.61749e+01  1.8193e+00
  124 -0.000387  5.54863e+01  2.1160e+00
  125 -0.000291  7.74820e+01  2.3463e+00
  126 -0.000194  1.08232e+02  2.7054e+00
  127 -0.000097  1.48002e+02  3.2080e+00
  128  0.000000  1.74863e+02  3.5974e+00
  129  0.000097  2.06220e+02  4.0356e+00
  130  0.000194  2.26626e+02  4.3136e+00
  131  0.000291  2.47658e+02  4.5925e+00
  132  0.000387  2.42607e+02  4.7296e+00
  133  0.000484  2.41111e+02  4.8288e+00
  134  0.000581  2.22113e+02  4.5357e+00
  135  0.000678  2.19731e+02  4.2863e+00
  136  0.000775  1.96632e+02  3.7778e+00
  137  0.000872  1.79075e+02  3.4591e+00
  138  0.000969  1.52978e+02  3.2933e+00
  139  0.001065  1.30328e+02  3.2562e+00
  140  0.001162  1.12866e+02  3.1923e+00
  141  0.001259  9.83594e+01  3.0489e+00
  142  0.001356  8.34699e+01  2.8055e+00
  143  0.001453  6.47898e+01  2.4130e+00
  144  0.001550  5.44596e+01  2.1505e+00
  145  0.001647  4.50484e+01  1.9341e+00
  146  0.001743  3.74819e+01  1.7445e+00
  147  0.001840  2.64783e+01  1.4491e+00
  148  0.001937  2.33233e+01  1.3604e+00
  149  0.002034  1.44570e+01  1.0870e+00
  150  0.002131  1.33931e+01  1.0622e+00
  151  0.002228  1.02643e+01  9.4766e-01
  152  0.002325  7.44696e+00  8.2514e-01
  153  0.002421  5.53230e+00  7.1998e-01
  154  0.002518  4.95910e+00  6.7898e-01
  155  0.002615  3.91745e+00  5.9115e-01
  156  0.002712  3.96435e+00  5.8399e-01
  157  0.002809  3.08861e+00  5.1181e-01
  158  0.002906  3.03275e+00  5.0851e-01
  159  0.003003  2.50540e+00  4.7046e-01
  160  0.003099  3.00316e+00  5.2153e-01
  161  0.003196  1.84166e+00  4.0904e-01
  162  0.003293  2.02272e+00  4.2385e-01
  163  0.003390  1.58821e+00  3.7277e-01
  164  0.003487  1.59297e+00  3.7568e-01
  165  0.003584  2.54082e+00  4.8011e-01
  166  0.003681  1.01549e+00  3.0525e-01
  167  0.003778  1.01580e+00  3.0433e-01
  168  0.003874  1.06532e+00  3.1031e-01
  169  0.003971  1.45038e+00  3.6140e-01
  170  0.004068  1.28896e+00  3.4057e-01
  171  0.004165  1.67308e+00  3.9585e-01
  172  0.004262  1.67287e+00  4.0853e-01
  173  0.004359  1.72418e+00  4.2581e-01
  174  0.004456  1.14598e+00  3.4935e-01
  175  0.004552  1.60372e+00  4.0775e-01
  176  0.004649  8.17039e-01  2.8249e-01
  177  0.004746  9.75585e-01  2.9567e-01
  178  0.004843  9.32185e-01  2.7872e-01
  179  0.004940  8.82039e-01  2.6860e-01
  180  0.005037  9.78786e-01  2.9461e-01
  181  0.005134  9.38651e-01  3.0597e-01
  182  0.005230  1.06963e+00  3.3927e-01
  183  0.005327  1.72027e+00  4.3703e-01
  184  0.005424  1.16251e+00  3.6086e-01
  185  0.005521  4.97101e-01  2.3719e-01
  186  0.005618  1.52120e+00  4.2087e-01
  187  0.005715  1.13950e+00  3.6826e-01
  188  0.005812  1.07325e+00  3.5791e-01
  189  0.005908  7.20265e-01  2.8840e-01
  190  0.006005  9.83736e-01  3.2573e-01
  191  0.006102  1.14197e+00  3.3688e-01
  192  0.006199  4.88312e-01  2.1449e-01
  193  0.006296  9.95476e-01  3.0481e-01
  194  0.006393  9.99802e-01  3.1326e-01
  195  0.006490  6.09579e-01  2.5046e-01
  196  0.006586  9.29831e-01  3.1371e-01
  197  0.006683  1.06869e+00  3.3933e-01
  198  0.006780  1.22499e+00  3.6496e-01
  199  0.006877  6.65356e-01  2.7188e-01
  200  0.006974  7.59650e-01  2.9642e-01
  201  0.007071  6.25460e-01  2.7641e-01
  202  0.007168  7.35745e-01  3.0744e-01
  203  0.007264  5.27257e-01  2.6376e-01
  204  0.007361  5.14217e-01  2.5970e-01
  205  0.007458  8.89097e-01  3.3805e-01
  206  0.007555  1.15054e+00  3.7590e-01
  207  0.007652  1.15361e+00  3.6653e-01
  208  0.007749  6.12225e-01  2.5449e-01
  209  0.007846  8.52323e-01  2.8005e-01
  210  0.007942  1.25148e+00  3.4492e-01
  211  0.008039  6.82621e-01  2.7932e-01
  212  0.008136  6.04554e-01  2.7998e-01
  213  0.008233  9.93348e-01  3.6944e-01
  214  0.008330  1.59416e+00  4.7540e-01
  215  0.008427  6.85987e-01  3.1684e-01
  216  0.008524  7.91234e-01  3.4392e-01
  217  0.008620  8.63795e-01  3.5563e-01
  218  0.008717  1.00217e+00  3.7667e-01
  219  0.008814  7.51048e-01  3.1915e-01
  220  0.008911  5.51790e-01  2.6990e-01
  221  0.009008  6.93686e-01  3.0267e-01
  222  0.009105  8.99870e-01  3.4898e-01
  223  0.009202  1.68993e+00  4.7220e-01
  224  0.009298  1.09471e+00  3.6503e-01
  225  0.009395  1.21972e+00  3.6901e-01
  226  0.009492  1.01173e+00  3.4753e-01
  227  0.009589  1.04560e+00  3.8740e-01
  228  0.009686  1.10947e+00  4.2573e-01
  229  0.009783  1.43748e+00  5.0251e-01
  230  0.009880  6.90160e-01  3.5319e-01
  231  0.009977  4.59748e-01  2.8583e-01
  232  0.010073  1.21560e+00  4.4153e-01
  233  0.010170  8.40175e-01  3.3738e-01
  234  0.010267  5.97611e-01  2.5322e-01
  235  0.010364  1.11509e+00  3.1731e-01
  236  0.010461  6.70016e-01  2.5212e-01
  237  0.010558  7.27656e-01  2.8900e-01
  238  0.010655  7.20495e-01  3.0319e-01
  239  0.010751  1.48270e+00  4.5650e-01
  240  0.010848  2.05035e+00  5.8671e-01
  241  0.010945  6.43183e-01  3.4094e-01
  242  0.011042  5.88224e-01  3.3356e-01
  243  0.011139  4.18287e-01  2.8768e-01
  244  0.011236  1.34004e+00  5.1515e-01
  245  0.011333  1.54963e+00  5.3232e-01
  246  0.011429  5.94027e-01  3.1149e-01
  247  0.011526  1.17124e+00  4.2374e-01
  248  0.011623  1.05267e+00  3.8095e-01
  249  0.011720  5.69201e-01  2.5558e-01
  250  0.011817  1.31480e+00  3.4174e-01
  251  0.011914  1.09335e+00  2.6912e-01
  252  0.012011  1.39303e+00  2.6394e-01
  253  0.012107  1.40999e+00  2.3515e-01
  254  0.012204  1.08343e+00  1.8938e-01
  255  0.012301  8.84924e-01  1.2839e-01
  258    1    2    0    0    0    0  255
 TiCrHx 300K  # experiment title
 131.00   2.080  0.0000  300.000   0.0 0
                  0.0969  0.0000  0.0000
    1 -0.012301  6.29856e-01  1.6787e-01
    2 -0.012204  7.19581e-01  8.5833e-02
    3 -0.012107  7.34875e-01  1.1034e-01
    4 -0.012011  9.09053e-01  1.5511e-01
    5 -0.011914  9.75929e-01  1.9531e-01
    6 -0.011817  6.18683e-01  1.7175e-01
    7 -0.011720  1.03067e+00  2.1850e-01
    8 -0.011623  9.65422e-01  2.2445e-01
    9 -0.011526  1.14533e+00  2.6451e-01
   10 -0.011429  8.09058e-01  2.0991e-01
   11 -0.011333  9.07989e-01  1.8441e-01
   12 -0.011236  9.18330e-01  1.7485e-01
   13 -0.011139  7.63262e-01  2.0059e-01
   14 -0.011042  9.59658e-01  2.4791e-01
   15 -0.010945  9.37786e-01  2.4792e-01
   16 -0.010848  7.43769e-01  2.4075e-01
   17 -0.010751  8.00675e-01  2.7029e-01
   18 -0.010655  8.64687e-01  2.7707e-01
   19 -0.010558  1.20334e+00  2.9680e-01
   20 -0.010461  8.57326e-01  2.1992e-01
   21 -0.010364  9.12440e-01  2.1646e-01
   22 -0.010267  7.41604e-01  2.0457e-01
   23 -0.010170  8.88903e-01  2.4821e-01
   24 -0.010073  8.98149e-01  2.7488e-01
   25 -0.009977  1.09684e+00  3.2524e-01
   26 -0.009880  6.22887e-01  2.5233e-01
   27 -0.009783  1.03772e+00  3.2505e-01
   28 -0.009686  8.31873e-01  2.8543e-01
   29 -0.009589  7.34458e-01  2.6137e-01
   30 -0.009492  6.00157e-01  2.2428e-01
   31 -0.009395  8.21638e-01  2.4165e-01
   32 -0.009298  1.26756e+00  2.8226e-01
   33 -0.009202  9.01871e-01  2.4573e-01
   34 -0.009105  6.36408e-01  2.2004e-01
   35 -0.009008  1.08972e+00  2.9718e-01
   36 -0.008911  7.50614e-01  2.5046e-01
   37 -0.008814  7.24204e-01  2.4660e-01
   38 -0.008717  1.00511e+00  2.8796e-01
   39 -0.008620  4.74965e-01  1.9589e-01
   40 -0.008524  7.96993e-01  2.5275e-01
   41 -0.008427  8.97840e-01  2.7582e-01
   42 -0.008330  1.24130e+00  3.3676e-01
   43 -0.008233  6.72423e-01  2.5309e-01
   44 -0.008136  6.51566e-01  2.4789e-01
   45 -0.008039  8.83844e-01  2.7993e-01
   46 -0.007942  1.38932e+00  3.3304e-01
   47 -0.007846  9.05859e-01  2.5460e-01
   48 -0.007749  7.37469e-01  2.2581e-01
   49 -0.007652  1.24207e+00  3.0192e-01
   50 -0.007555  1.32423e+00  3.2667e-01
   51 -0.007458  1.15831e+00  3.1586e-01
   52 -0.007361  7.72841e-01  2.6219e-01
   53 -0.007264  9.54064e-01  2.9531e-01
   54 -0.007168  1.36804e+00  3.5514e-01
   55 -0.007071  8.02068e-01  2.6861e-01
   56 -0.006974  9.73654e-01  2.8901e-01
   57 -0.006877  9.02070e-01  2.6714e-01
   58 -0.006780  1.23580e+00  2.9691e-01
   59 -0.006683  8.35782e-01  2.3224e-01
   60 -0.006586  6.70572e-01  2.0610e-01
   61 -0.006490  7.72298e-01  2.3084e-01
   62 -0.006393  8.62295e-01  2.6594e-01
   63 -0.006296  1.00554e+00  3.0701e-01
   64 -0.006199  1.22696e+00  3.5071e-01
   65 -0.006102  9.79827e-01  3.1504e-01
   66 -0.006005  1.00952e+00  3.0889e-01
   67 -0.005908  7.95091e-01  2.5585e-01
   68 -0.005812  1.11772e+00  2.7266e-01
   69 -0.005715  6.96466e-01  2.0633e-01
   70 -0.005618  1.13762e+00  2.7989e-01
   71 -0.005521  7.05896e-01  2.3329e-01
   72 -0.005424  1.09138e+00  2.9909e-01
   73 -0.005327  1.17584e+00  3.1365e-01
   74 -0.005230  7.57434e-01  2.4873e-01
   75 -0.005134  1.11147e+00  2.9954e-01
   76 -0.005037  1.00256e+00  2.8584e-01
   77 -0.004940  1.23502e+00  3.1902e-01
   78 -0.004843  9.79955e-01  2.8245e-01
   79 -0.004746  1.05848e+00  2.8551e-01
   80 -0.004649  5.82926e-01  2.0148e-01
   81 -0.004552  9.01292e-01  2.3983e-01
   82 -0.004456  1.21169e+00  2.8083e-01
   83 -0.004359  7.39874e-01  2.3757e-01
   84 -0.004262  1.27447e+00  3.3374e-01
   85 -0.004165  1.29526e+00  3.4746e-01
   86 -0.004068  1.21837e+00  3.3653e-01
   87 -0.003971  7.77415e-01  2.5883e-01
   88 -0.003874  9.81662e-01  2.6883e-01
   89 -0.003778  2.01654e+00  3.5991e-01
   90 -0.003681  1.33244e+00  2.9722e-01
   91 -0.003584  1.46970e+00  3.2670e-01
   92 -0.003487  1.19730e+00  3.0361e-01
   93 -0.003390  1.14526e+00  3.0254e-01
   94 -0.003293  1.41772e+00  3.3688e-01
   95 -0.003196  1.10066e+00  2.8774e-01
   96 -0.003099  1.72007e+00  3.4800e-01
   97 -0.003003  1.16944e+00  2.9141e-01
   98 -0.002906  1.34101e+00  3.2917e-01
   99 -0.002809  1.05320e+00  3.0026e-01
  100 -0.002712  1.52454e+00  3.5737e-01
  101 -0.002615  1.25770e+00  3.1314e-01
  102 -0.002518  1.67631e+00  3.3991e-01
  103 -0.002421  1.85520e+00  3.3982e-01
  104 -0.002325  1.72667e+00  3.2821e-01
  105 -0.002228  1.79273e+00  3.5270e-01
  106 -0.002131  2.32810e+00  4.2447e-01
  107 -0.002034  2.28526e+00  4.3417e-01
  108 -0.001937  1.92021e+00  3.9769e-01
  109 -0.001840  1.78652e+00  3.7264e-01
  110 -0.001743  2.04403e+00  3.8737e-01
  111 -0.001647  2.05416e+00  3.8919e-01
  112 -0.001550  2.21537e+00  4.1439e-01
  113 -0.001453  2.77776e+00  4.6429e-01
  114 -0.001356  3.13213e+00  4.9028e-01
  115 -0.001259  3.94123e+00  5.3532e-01
  116 -0.001162  4.40952e+00  5.4655e-01
  117 -0.001065  5.04534e+00  5.7029e-01
  118 -0.000969  6.53925e+00  6.6359e-01
  119 -0.000872  1.04246e+01  8.9380e-01
  120 -0.000775  1.16067e+01  9.9829e-01
  121 -0.000678  1.73812e+01  1.2420e+00
  122 -0.000581  2.78330e+01  1.5678e+00
  123 -0.000484  4.13071e+01  1.8564e+00
  124 -0.000387  6.51320e+01  2.1893e+00
  125 -0.000291  9.19688e+01  2.4414e+00
  126 -0.000194  1.22319e+02  2.7470e+00
  127 -0.000097  1.42573e+02  3.0065e+00
  128  0.000000  1.69442e+02  3.3815e+00
  129  0.000097  1.66764e+02  3.4634e+00
  130  0.000194  1.61253e+02  3.4710e+00
  131  0.000291  1.41915e+02  3.3141e+00
  132  0.000387  1.13100e+02  3.0771e+00
  133  0.000484  9.52825e+01  2.8917e+00
  134  0.000581  7.56732e+01  2.5219e+00
  135  0.000678  5.29108e+01  2.0028e+00
  136  0.000775  3.65587e+01  1.5512e+00
  137  0.000872  1.86032e+01  1.0617e+00
  138  0.000969  1.29629e+01  9.1320e-01
  139  0.001065  7.39795e+00  7.3919e-01
  140  0.001162  6.16991e+00  7.1135e-01
  141  0.001259  5.33706e+00  6.7703e-01
  142  0.001356  3.52567e+00  5.4976e-01
  143  0.001453  3.28525e+00  5.1823e-01
  144  0.001550  3.55355e+00  5.2401e-01
  145  0.001647  3.08127e+00  4.8259e-01
  146  0.001743  4.54095e+00  5.7939e-01
  147  0.001840  3.36296e+00  4.9285e-01
  148  0.001937  3.59568e+00  5.0980e-01
  149  0.002034  3.41976e+00  5.0465e-01
  150  0.002131  3.97187e+00  5.5220e-01
  151  0.002228  3.53261e+00  5.3072e-01
  152  0.002325  3.66196e+00  5.5239e-01
  153  0.002421  3.63668e+00  5.5730e-01
  154  0.002518  5.34198e+00  6.7280e-01
  155  0.002615  4.83324e+00  6.2690e-01
  156  0.002712  4.90238e+00  6.2002e-01
  157  0.002809  4.38986e+00  5.8256e-01
  158  0.002906  3.19574e+00  4.9837e-01
  159  0.003003  3.81508e+00  5.5427e-01
  160  0.003099  2.39885e+00  4.4500e-01
  161  0.003196  2.08086e+00  4.1511e-01
  162  0.003293  1.62491e+00  3.6269e-01
  163  0.003390  2.14240e+00  4.1335e-01
  164  0.003487  1.39674e+00  3.3585e-01
  165  0.003584  1.57530e+00  3.6091e-01
  166  0.003681  1.58090e+00  3.6362e-01
  167  0.003778  7.05512e-01  2.4214e-01
  168  0.003874  1.81766e+00  3.8698e-01
  169  0.003971  1.15256e+00  3.0757e-01
  170  0.004068  9.66370e-01  2.8154e-01
  171  0.004165  1.00861e+00  2.9343e-01
  172  0.004262  1.16865e+00  3.2599e-01
  173  0.004359  1.04393e+00  3.1632e-01
  174  0.004456  1.14487e+00  3.3337e-01
  175  0.004552  9.42039e-01  2.9836e-01
  176  0.004649  7.53654e-01  2.5902e-01
  177  0.004746  1.11007e+00  3.0111e-01
  178  0.004843  1.50212e+00  3.3779e-01
  179  0.004940  1.14313e+00  2.9194e-01
  180  0.005037  9.25635e-01  2.7353e-01
  181  0.005134  7.50556e-01  2.6121e-01
  182  0.005230  1.04647e+00  3.2038e-01
  183  0.005327  1.16287e+00  3.4305e-01
  184  0.005424  6.00380e-01  2.4759e-01
  185  0.005521  1.08113e+00  3.3396e-01
  186  0.005618  1.25365e+00  3.6476e-01
  187  0.005715  8.34601e-01  3.0089e-01
  188  0.005812  5.04198e-01  2.3421e-01
  189  0.005908  8.41034e-01  2.9753e-01
  190  0.006005  1.36298e+00  3.6606e-01
  191  0.006102  1.24991e+00  3.3648e-01
  192  0.006199  8.18879e-01  2.6518e-01
  193  0.006296  1.01143e+00  2.9333e-01
  194  0.006393  1.00173e+00  2.9936e-01
  195  0.006490  8.11733e-01  2.7594e-01
  196  0.006586  1.63893e+00  3.9764e-01
  197  0.006683  1.14353e+00  3.3512e-01
  198  0.006780  1.40673e+00  3.7339e-01
  199  0.006877  1.15624e+00  3.4218e-01
  200  0.006974  1.04581e+00  3.3205e-01
  201  0.007071  8.02951e-01  2.9901e-01
  202  0.007168  5.67675e-01  2.5782e-01
  203  0.007264  8.05061e-01  3.1117e-01
  204  0.007361  1.23064e+00  3.8357e-01
  205  0.007458  7.47014e-01  2.9583e-01
  206  0.007555  1.66001e+00  4.3108e-01
  207  0.007652  6.04688e-01  2.5334e-01
  208  0.007749  1.09444e+00  3.2485e-01
  209  0.007846  1.41311e+00  3.4427e-01
  210  0.007942  1.03485e+00  2.9944e-01
  211  0.008039  1.06740e+00  3.3347e-01
  212  0.008136  1.29833e+00  3.9173e-01
  213  0.008233  9.17599e-01  3.3900e-01
  214  0.008330  1.17949e+00  3.9040e-01
  215  0.008427  1.36601e+00  4.2686e-01
  216  0.008524  3.50251e-01  2.1846e-01
  217  0.008620  8.50988e-01  3.3700e-01
  218  0.008717  7.73391e-01  3.1591e-01
  219  0.008814  6.17420e-01  2.7627e-01
  220  0.008911  8.19364e-01  3.1400e-01
  221  0.009008  4.27373e-01  2.2681e-01
  222  0.009105  8.93729e-01  3.3204e-01
  223  0.009202  9.09256e-01  3.3067e-01
  224  0.009298  1.30946e+00  3.8116e-01
  225  0.009395  7.51386e-01  2.7651e-01
  226  0.009492  8.72122e-01  3.0805e-01
  227  0.009589  1.60847e+00  4.5874e-01
  228  0.009686  1.38204e+00  4.5364e-01
  229  0.009783  7.67304e-01  3.5051e-01
  230  0.009880  1.35017e+00  4.7164e-01
  231  0.009977  1.01613e+00  4.0569e-01
  232  0.010073  1.00637e+00  3.8355e-01
  233  0.010170  1.08969e+00  3.6683e-01
  234  0.010267  3.55072e-01  1.8634e-01
  235  0.010364  1.24616e+00  3.2025e-01
  236  0.010461  8.63992e-01  2.7333e-01
  237  0.010558  1.18618e+00  3.5228e-01
  238  0.010655  1.22518e+00  3.7747e-01
  239  0.010751  9.38220e-01  3.4668e-01
  240  0.010848  4.92691e-01  2.7457e-01
  241  0.010945  8.97249e-01  3.8445e-01
  242  0.011042  9.36219e-01  4.0176e-01
  243  0.011139  1.33804e+00  4.9123e-01
  244  0.011236  9.55703e-01  4.1534e-01
  245  0.011333  1.52547e+00  5.0424e-01
  246  0.011429  1.19025e+00  4.2096e-01
  247  0.011526  1.01715e+00  3.7700e-01
  248  0.011623  9.08034e-01  3.3779e-01
  249  0.011720  1.06087e+00  3.3312e-01
  250  0.011817  1.72251e+00  3.7345e-01
  251  0.011914  1.05326e+00  2.5218e-01
  252  0.012011  9.39715e-01  2.0696e-01
  253  0.012107  1.15175e+00  2.0290e-01
  254  0.012204  1.13008e+00  1.8466e-01
  255  0.012301  1.15186e+00  1.3984e-01
  258    1    2    0    0    0    0  255
 TiCrHx 300K  # experiment title
 151.00   2.080  0.0000  300.000   0.0 0
                  0.0969  0.0000  0.0000
    1 -0.012301  1.41715e+00  2.6172e-01
    2 -0.012204  1.59305e+00  1.3274e-01
    3 -0.012107  1.48045e+00  1.6278e-01
    4 -0.012011  1.53054e+00  2.0920e-01
    5 -0.011914  1.38013e+00  2.4141e-01
    6 -0.011817  1.45655e+00  2.7391e-01
    7 -0.011720  1.60304e+00  2.8323e-01
    8 -0.011623  1.55931e+00  2.9649e-01
    9 -0.011526  1.35762e+00  2.9932e-01
   10 -0.011429  1.57963e+00  3.0486e-01
   11 -0.011333  1.38413e+00  2.3665e-01
   12 -0.011236  1.50751e+00  2.3285e-01
   13 -0.011139  1.04580e+00  2.4404e-01
   14 -0.011042  1.21296e+00  2.8970e-01
   15 -0.010945  1.50981e+00  3.2697e-01
   16 -0.010848  1.85071e+00  3.9473e-01
   17 -0.010751  9.95926e-01  3.1333e-01
   18 -0.010655  1.73428e+00  4.0785e-01
   19 -0.010558  1.55254e+00  3.5041e-01
   20 -0.010461  1.60028e+00  3.1230e-01
   21 -0.010364  1.67409e+00  3.0476e-01
   22 -0.010267  1.34873e+00  2.8674e-01
   23 -0.010170  1.37306e+00  3.2063e-01
   24 -0.010073  1.84758e+00  4.0978e-01
   25 -0.009977  1.01347e+00  3.2494e-01
   26 -0.009880  1.66481e+00  4.2878e-01
   27 -0.009783  1.49271e+00  4.0521e-01
   28 -0.009686  1.09883e+00  3.4096e-01
   29 -0.009589  1.52711e+00  3.9173e-01
   30 -0.009492  1.22026e+00  3.3240e-01
   31 -0.009395  1.58162e+00  3.4848e-01
   32 -0.009298  1.21844e+00  2.8763e-01
   33 -0.009202  1.16687e+00  2.9052e-01
   34 -0.009105  1.36027e+00  3.3438e-01
   35 -0.009008  1.35212e+00  3.4407e-01
   36 -0.008911  1.56542e+00  3.7594e-01
   37 -0.008814  1.38337e+00  3.5425e-01
   38 -0.008717  1.93440e+00  4.1522e-01
   39 -0.008620  1.95125e+00  4.1269e-01
   40 -0.008524  1.31594e+00  3.3756e-01
   41 -0.008427  1.28385e+00  3.4281e-01
   42 -0.008330  1.58336e+00  3.9533e-01
   43 -0.008233  1.26850e+00  3.6131e-01
   44 -0.008136  9.83533e-01  3.1655e-01
   45 -0.008039  1.46579e+00  3.7470e-01
   46 -0.007942  1.36361e+00  3.4293e-01
   47 -0.007846  1.66475e+00  3.5874e-01
   48 -0.007749  1.53448e+00  3.3855e-01
   49 -0.007652  1.76174e+00  3.7373e-01
   50 -0.007555  1.27088e+00  3.3262e-01
   51 -0.007458  1.60985e+00  3.8704e-01
   52 -0.007361  1.22525e+00  3.4313e-01
   53 -0.007264  1.17642e+00  3.4083e-01
   54 -0.007168  1.33728e+00  3.6495e-01
   55 -0.007071  1.63043e+00  3.9806e-01
   56 -0.006974  1.91084e+00  4.2084e-01
   57 -0.006877  1.57206e+00  3.6655e-01
   58 -0.006780  1.66359e+00  3.5806e-01
   59 -0.006683  1.23852e+00  2.9385e-01
   60 -0.006586  1.89063e+00  3.5970e-01
   61 -0.006490  1.44902e+00  3.2865e-01
   62 -0.006393  1.63533e+00  3.8067e-01
   63 -0.006296  1.22022e+00  3.5152e-01
   64 -0.006199  1.17590e+00  3.5685e-01
   65 -0.006102  7.57805e-01  2.8797e-01
   66 -0.006005  1.05735e+00  3.2857e-01
   67 -0.005908  1.97961e+00  4.1962e-01
   68 -0.005812  1.08646e+00  2.7940e-01
   69 -0.005715  1.87100e+00  3.5151e-01
   70 -0.005618  1.57199e+00  3.4198e-01
   71 -0.005521  1.64786e+00  3.7049e-01
   72 -0.005424  1.47913e+00  3.6190e-01
   73 -0.005327  1.75422e+00  3.9819e-01
   74 -0.005230  1.69597e+00  3.8686e-01
   75 -0.005134  1.65062e+00  3.7941e-01
   76 -0.005037  1.51762e+00  3.6554e-01
   77 -0.004940  1.94780e+00  4.1642e-01
   78 -0.004843  1.84013e+00  4.0230e-01
   79 -0.004746  1.65416e+00  3.7098e-01
   80 -0.004649  1.50321e+00  3.3630e-01
   81 -0.004552  1.33415e+00  3.0329e-01
   82 -0.004456  1.69518e+00  3.4525e-01
   83 -0.004359  2.17654e+00  4.2353e-01
   84 -0.004262  2.00804e+00  4.3542e-01
   85 -0.004165  2.00282e+00  4.4909e-01
   86 -0.004068  1.91808e+00  4.3888e-01
   87 -0.003971  1.59158e+00  3.8493e-01
   88 -0.003874  1.30917e+00  3.2268e-01
   89 -0.003778  9.65075e-01  2.5878e-01
   90 -0.003681  1.34180e+00  3.1001e-01
   91 -0.003584  2.16267e+00  4.1192e-01
   92 -0.003487  1.48648e+00  3.5162e-01
   93 -0.003390  1.65941e+00  3.7851e-01
   94 -0.003293  1.55142e+00  3.6629e-01
   95 -0.003196  1.37153e+00  3.3385e-01
   96 -0.003099  1.78575e+00  3.6854e-01
   97 -0.003003  1.85116e+00  3.8108e-01
   98 -0.002906  2.00530e+00  4.1839e-01
   99 -0.002809  1.78350e+00  4.0612e-01
  100 -0.002712  2.13881e+00  4.3997e-01
  101 -0.002615  1.93056e+00  4.0324e-01
  102 -0.002518  1.42246e+00  3.2545e-01
  103 -0.002421  2.12840e+00  3.7831e-01
  104 -0.002325  1.95664e+00  3.6315e-01
  105 -0.002228  1.73118e+00  3.6024e-01
  106 -0.002131  1.53708e+00  3.5848e-01
  107 -0.002034  2.54763e+00  4.7647e-01
  108 -0.001937  1.80857e+00  4.0116e-01
  109 -0.001840  2.39280e+00  4.4824e-01
  110 -0.001743  1.60278e+00  3.5653e-01
  111 -0.001647  1.67178e+00  3.6493e-01
  112 -0.001550  1.59483e+00  3.6544e-01
  113 -0.001453  2.70259e+00  4.7600e-01
  114 -0.001356  2.71783e+00  4.7468e-01
  115 -0.001259  2.74369e+00  4.6423e-01
  116 -0.001162  2.11658e+00  3.9356e-01
  117 -0.001065  2.51198e+00  4.1823e-01
  118 -0.000969  3.19944e+00  4.8242e-01
  119 -0.000872  3.38671e+00  5.2944e-01
  120 -0.000775  4.43849e+00  6.4156e-01
  121 -0.000678  4.03932e+00  6.2216e-01
  122 -0.000581  5.72569e+00  7.3879e-01
  123 -0.000484  6.31688e+00  7.5405e-01
  124 -0.000387  9.99527e+00  8.9054e-01
  125 -0.000291  1.36299e+01  9.7550e-01
  126 -0.000194  2.06796e+01  1.1718e+00
  127 -0.000097  2.60744e+01  1.3335e+00
  128  0.000000  3.90132e+01  1.6825e+00
  129  0.000097  5.72463e+01  2.1049e+00
  130  0.000194  6.76308e+01  2.3323e+00
  131  0.000291  8.38016e+01  2.6440e+00
  132  0.000387  9.19660e+01  2.8826e+00
  133  0.000484  9.97323e+01  3.0748e+00
  134  0.000581  1.04389e+02  3.0798e+00
  135  0.000678  1.07382e+02  2.9681e+00
  136  0.000775  1.11677e+02  2.8214e+00
  137  0.000872  1.05031e+02  2.6257e+00
  138  0.000969  1.01364e+02  2.6580e+00
  139  0.001065  1.00377e+02  2.8344e+00
  140  0.001162  9.04530e+01  2.8349e+00
  141  0.001259  8.59956e+01  2.8284e+00
  142  0.001356  7.92440e+01  2.7124e+00
  143  0.001453  7.29066e+01  2.5404e+00
  144  0.001550  6.34721e+01  2.3041e+00
  145  0.001647  5.70399e+01  2.1601e+00
  146  0.001743  4.99713e+01  1.9992e+00
  147  0.001840  4.41746e+01  1.8578e+00
  148  0.001937  3.61974e+01  1.6821e+00
  149  0.002034  2.62458e+01  1.4537e+00
  150  0.002131  2.20439e+01  1.3525e+00
  151  0.002228  1.84325e+01  1.2604e+00
  152  0.002325  1.14295e+01  1.0145e+00
  153  0.002421  9.52791e+00  9.3767e-01
  154  0.002518  8.15288e+00  8.6395e-01
  155  0.002615  4.44785e+00  6.2507e-01
  156  0.002712  4.89200e+00  6.4376e-01
  157  0.002809  3.25734e+00  5.2157e-01
  158  0.002906  4.02593e+00  5.8140e-01
  159  0.003003  2.82106e+00  4.9539e-01
  160  0.003099  2.94316e+00  5.1232e-01
  161  0.003196  3.05393e+00  5.2270e-01
  162  0.003293  2.15447e+00  4.3408e-01
  163  0.003390  2.47140e+00  4.6145e-01
  164  0.003487  2.39326e+00  4.5695e-01
  165  0.003584  1.80752e+00  4.0182e-01
  166  0.003681  2.55258e+00  4.8025e-01
  167  0.003778  2.03873e+00  4.2784e-01
  168  0.003874  2.51104e+00  4.7276e-01
  169  0.003971  2.14681e+00  4.3631e-01
  170  0.004068  1.94277e+00  4.1491e-01
  171  0.004165  1.76914e+00  4.0393e-01
  172  0.004262  2.56437e+00  5.0193e-01
  173  0.004359  2.21878e+00  4.7933e-01
  174  0.004456  2.17145e+00  4.7720e-01
  175  0.004552  2.69597e+00  5.2462e-01
  176  0.004649  1.00655e+00  3.1113e-01
  177  0.004746  1.94219e+00  4.1398e-01
  178  0.004843  1.06123e+00  2.9510e-01
  179  0.004940  1.47849e+00  3.4509e-01
  180  0.005037  2.16609e+00  4.3491e-01
  181  0.005134  2.11630e+00  4.5591e-01
  182  0.005230  2.48006e+00  5.1265e-01
  183  0.005327  1.36430e+00  3.8621e-01
  184  0.005424  1.51198e+00  4.0839e-01
  185  0.005521  1.35469e+00  3.8855e-01
  186  0.005618  1.35451e+00  3.9409e-01
  187  0.005715  1.41831e+00  4.0769e-01
  188  0.005812  1.62985e+00  4.3768e-01
  189  0.005908  2.04497e+00  4.8223e-01
  190  0.006005  1.79722e+00  4.3690e-01
  191  0.006102  1.85765e+00  4.2637e-01
  192  0.006199  9.16886e-01  2.9165e-01
  193  0.006296  1.81581e+00  4.0851e-01
  194  0.006393  1.51175e+00  3.8225e-01
  195  0.006490  2.05185e+00  4.5600e-01
  196  0.006586  1.52076e+00  3.9812e-01
  197  0.006683  1.29379e+00  3.7050e-01
  198  0.006780  2.05002e+00  4.6850e-01
  199  0.006877  1.66154e+00  4.2635e-01
  200  0.006974  1.41431e+00  4.0136e-01
  201  0.007071  1.92294e+00  4.8095e-01
  202  0.007168  2.20032e+00  5.2760e-01
  203  0.007264  1.36199e+00  4.2067e-01
  204  0.007361  1.62098e+00  4.5756e-01
  205  0.007458  1.59432e+00  4.4921e-01
  206  0.007555  2.00706e+00  4.9268e-01
  207  0.007652  6.80507e-01  2.7934e-01
  208  0.007749  1.20761e+00  3.5467e-01
  209  0.007846  1.92859e+00  4.1804e-01
  210  0.007942  2.64107e+00  4.9723e-01
  211  0.008039  1.89116e+00  4.6136e-01
  212  0.008136  1.82830e+00  4.8316e-01
  213  0.008233  2.00448e+00  5.2078e-01
  214  0.008330  1.79305e+00  5.0031e-01
  215  0.008427  1.62765e+00  4.8430e-01
  216  0.008524  1.49619e+00  4.6931e-01
  217  0.008620  1.57117e+00  4.7595e-01
  218  0.008717  1.89971e+00  5.1463e-01
  219  0.008814  2.13457e+00  5.3393e-01
  220  0.008911  1.93712e+00  5.0182e-01
  221  0.009008  1.87699e+00  4.9405e-01
  222  0.009105  2.49589e+00  5.7675e-01
  223  0.009202  2.00529e+00  5.1042e-01
  224  0.009298  1.68812e+00  4.4982e-01
  225  0.009395  3.20381e+00  5.9349e-01
  226  0.009492  2.23936e+00  5.1308e-01
  227  0.009589  1.43752e+00  4.5076e-01
  228  0.009686  1.89707e+00  5.5243e-01
  229  0.009783  2.19478e+00  6.1616e-01
  230  0.009880  1.92338e+00  5.8509e-01
  231  0.009977  2.31735e+00  6.3680e-01
  232  0.010073  1.76677e+00  5.2822e-01
  233  0.010170  2.41353e+00  5.6745e-01
  234  0.010267  2.52667e+00  5.1668e-01
  235  0.010364  2.00447e+00  4.2217e-01
  236  0.010461  2.82970e+00  5.1416e-01
  237  0.010558  2.71168e+00  5.5362e-01
  238  0.010655  2.46528e+00  5.5654e-01
  239  0.010751  1.31771e+00  4.2704e-01
  240  0.010848  2.22019e+00  6.0583e-01
  241  0.010945  1.91851e+00  5.8431e-01
  242  0.011042  2.76583e+00  7.1776e-01
  243  0.011139  1.40601e+00  5.2338e-01
  244  0.011236  1.52065e+00  5.4455e-01
  245  0.011333  2.43527e+00  6.6221e-01
  246  0.011429  2.57133e+00  6.4311e-01
  247  0.011526  1.56910e+00  4.8670e-01
  248  0.011623  2.73445e+00  6.0928e-01
  249  0.011720  2.62091e+00  5.4423e-01
  250  0.011817  1.81787e+00  3.9875e-01
  251  0.011914  2.75678e+00  4.2406e-01
  252  0.012011  2.55849e+00  3.5495e-01
  253  0.012107  2.26128e+00  2.9551e-01
  254  0.012204  2.86172e+00  3.0544e-01
  255  0.012301  2.59459e+00  2.1815e-01
