  258    1    2    0    0    0    0  255
 TiCrHx 350K  # experiment title
  23.80   2.080  0.0000  350.000   0.0 0
                  0.0971  0.0000  0.0000
    1 -0.012338  1.06273e+01  2.5017e+00
    2 -0.012241  1.24665e+01  6.9733e-01
    3 -0.012144  1.23273e+01  8.4283e-01
    4 -0.012047  1.15904e+01  1.0499e+00
    5 -0.011949  1.08425e+01  1.2305e+00
    6 -0.011852  1.29936e+01  1.5343e+00
    7 -0.011755  1.26211e+01  1.5031e+00
    8 -0.011658  9.18283e+00  1.3516e+00
    9 -0.011561  9.86316e+00  1.5311e+00
   10 -0.011464  1.13236e+01  1.5753e+00
   11 -0.011366  1.37002e+01  1.4678e+00
   12 -0.011269  1.13249e+01  1.1888e+00
   13 -0.011172  1.38580e+01  1.6001e+00
   14 -0.011075  1.21369e+01  1.6723e+00
   15 -0.010978  9.86495e+00  1.5506e+00
   16 -0.010881  1.29129e+01  1.9487e+00
   17 -0.010784  1.16901e+01  2.0077e+00
   18 -0.010686  1.23006e+01  2.0586e+00
   19 -0.010589  1.09095e+01  1.7781e+00
   20 -0.010492  1.27093e+01  1.6801e+00
   21 -0.010395  1.10655e+01  1.4902e+00
   22 -0.010298  1.13874e+01  1.5730e+00
   23 -0.010201  1.10787e+01  1.7015e+00
   24 -0.010104  1.31008e+01  2.0351e+00
   25 -0.010006  1.16843e+01  2.0613e+00
   26 -0.009909  1.01718e+01  1.9855e+00
   27 -0.009812  1.25747e+01  2.2159e+00
   28 -0.009715  9.90776e+00  1.9386e+00
   29 -0.009618  1.00748e+01  1.9067e+00
   30 -0.009521  1.02166e+01  1.8230e+00
   31 -0.009424  9.05129e+00  1.5775e+00
   32 -0.009326  1.14927e+01  1.6694e+00
   33 -0.009229  1.09316e+01  1.6805e+00
   34 -0.009132  1.01191e+01  1.7114e+00
   35 -0.009035  1.31266e+01  2.0231e+00
   36 -0.008938  1.24876e+01  2.0059e+00
   37 -0.008841  1.06528e+01  1.8591e+00
   38 -0.008743  1.53675e+01  2.2073e+00
   39 -0.008646  1.19290e+01  1.9082e+00
   40 -0.008549  8.53818e+00  1.6046e+00
   41 -0.008452  1.00157e+01  1.8009e+00
   42 -0.008355  1.15674e+01  2.0209e+00
   43 -0.008258  1.27107e+01  2.1662e+00
   44 -0.008161  9.77309e+00  1.8946e+00
   45 -0.008063  1.18614e+01  2.0365e+00
   46 -0.007966  1.29907e+01  2.0280e+00
   47 -0.007869  1.52754e+01  2.0617e+00
   48 -0.007772  1.14181e+01  1.7232e+00
   49 -0.007675  9.18052e+00  1.5738e+00
   50 -0.007578  1.19364e+01  1.8851e+00
   51 -0.007481  1.17620e+01  1.9575e+00
   52 -0.007383  1.01476e+01  1.8716e+00
   53 -0.007286  9.75652e+00  1.8744e+00
   54 -0.007189  1.27390e+01  2.1664e+00
   55 -0.007092  9.51046e+00  1.8515e+00
   56 -0.006995  1.38874e+01  2.1703e+00
   57 -0.006898  8.93228e+00  1.6523e+00
   58 -0.006800  1.06329e+01  1.6897e+00
   59 -0.006703  1.38667e+01  1.8284e+00
   60 -0.006606  9.81998e+00  1.5314e+00
   61 -0.006509  1.03125e+01  1.6537e+00
   62 -0.006412  1.40893e+01  2.1087e+00
   63 -0.006315  1.05057e+01  1.9509e+00
   64 -0.006218  1.11436e+01  2.0795e+00
   65 -0.006120  1.26133e+01  2.2250e+00
   66 -0.006023  7.26056e+00  1.6283e+00
   67 -0.005926  8.50079e+00  1.6430e+00
   68 -0.005829  8.93717e+00  1.5080e+00
   69 -0.005732  1.18841e+01  1.6733e+00
   70 -0.005635  1.33123e+01  1.8745e+00
   71 -0.005538  1.27969e+01  1.9445e+00
   72 -0.005440  1.08996e+01  1.8491e+00
   73 -0.005343  9.91215e+00  1.7925e+00
   74 -0.005246  1.17272e+01  1.9260e+00
   75 -0.005149  1.32390e+01  2.0321e+00
   76 -0.005052  1.06043e+01  1.8150e+00
   77 -0.004955  1.20134e+01  1.9366e+00
   78 -0.004857  1.13624e+01  1.8724e+00
   79 -0.004760  8.98158e+00  1.6261e+00
   80 -0.004663  1.22296e+01  1.8104e+00
   81 -0.004566  1.02171e+01  1.5863e+00
   82 -0.004469  1.35501e+01  1.8579e+00
   83 -0.004372  1.21517e+01  1.8940e+00
   84 -0.004275  1.09763e+01  1.9239e+00
   85 -0.004177  1.46483e+01  2.2933e+00
   86 -0.004080  1.19039e+01  2.0626e+00
   87 -0.003983  1.54531e+01  2.2483e+00
   88 -0.003886  1.34640e+01  1.9283e+00
   89 -0.003789  1.00983e+01  1.5676e+00
   90 -0.003692  1.28370e+01  1.8051e+00
   91 -0.003595  1.19569e+01  1.8323e+00
   92 -0.003497  1.30216e+01  1.9705e+00
   93 -0.003400  1.23030e+01  1.9555e+00
   94 -0.003303  1.17548e+01  1.9148e+00
   95 -0.003206  1.31267e+01  1.9584e+00
   96 -0.003109  1.28538e+01  1.8578e+00
   97 -0.003012  1.36115e+01  1.9396e+00
   98 -0.002914  1.33243e+01  2.0278e+00
   99 -0.002817  1.58167e+01  2.2804e+00
  100 -0.002720  1.35399e+01  2.0915e+00
  101 -0.002623  1.23369e+01  1.9224e+00
  102 -0.002526  1.19487e+01  1.7819e+00
  103 -0.002429  1.27778e+01  1.7437e+00
  104 -0.002332  1.43808e+01  1.8554e+00
  105 -0.002234  1.47042e+01  1.9838e+00
  106 -0.002137  1.76238e+01  2.2955e+00
  107 -0.002040  1.56996e+01  2.2368e+00
  108 -0.001943  1.80146e+01  2.3901e+00
  109 -0.001846  1.76923e+01  2.3009e+00
  110 -0.001749  1.73053e+01  2.2149e+00
  111 -0.001652  1.85223e+01  2.2984e+00
  112 -0.001554  1.59918e+01  2.1736e+00
  113 -0.001457  1.92734e+01  2.3914e+00
  114 -0.001360  1.63896e+01  2.1856e+00
  115 -0.001263  1.68866e+01  2.1649e+00
  116 -0.001166  1.92885e+01  2.2436e+00
  117 -0.001069  1.89023e+01  2.1825e+00
  118 -0.000971  2.12080e+01  2.3704e+00
  119 -0.000874  2.90633e+01  2.9387e+00
  120 -0.000777  2.84994e+01  3.0512e+00
  121 -0.000680  2.81044e+01  3.0655e+00
  122 -0.000583  3.23514e+01  3.2682e+00
  123 -0.000486  4.44904e+01  3.7093e+00
  124 -0.000389  4.24776e+01  3.4113e+00
  125 -0.000291  6.80061e+01  4.0881e+00
  126 -0.000194  8.86865e+01  4.6116e+00
  127 -0.000097  1.18765e+02  5.4510e+00
  128  0.000000  1.39864e+02  6.1406e+00
  129  0.000097  1.73621e+02  7.0260e+00
  130  0.000194  1.99068e+02  7.6202e+00
  131  0.000291  2.18086e+02  8.0436e+00
  132  0.000389  2.17899e+02  8.2714e+00
  133  0.000486  2.14344e+02  8.3247e+00
  134  0.000583  1.84406e+02  7.4983e+00
  135  0.000680  1.77680e+02  6.9781e+00
  136  0.000777  1.46248e+02  5.9861e+00
  137  0.000874  1.15137e+02  5.2820e+00
  138  0.000971  9.89680e+01  5.1014e+00
  139  0.001069  7.56240e+01  4.7201e+00
  140  0.001166  7.20735e+01  4.8035e+00
  141  0.001263  5.40275e+01  4.2285e+00
  142  0.001360  4.65474e+01  3.8917e+00
  143  0.001457  4.68433e+01  3.8090e+00
  144  0.001554  4.08231e+01  3.4624e+00
  145  0.001652  3.82403e+01  3.3004e+00
  146  0.001749  2.83681e+01  2.7892e+00
  147  0.001846  3.07438e+01  2.8854e+00
  148  0.001943  2.31958e+01  2.5445e+00
  149  0.002040  2.14041e+01  2.4972e+00
  150  0.002137  1.90016e+01  2.3931e+00
  151  0.002234  1.65805e+01  2.2749e+00
  152  0.002332  1.83188e+01  2.4452e+00
  153  0.002429  1.95942e+01  2.5497e+00
  154  0.002526  1.69431e+01  2.3476e+00
  155  0.002623  1.80549e+01  2.3711e+00
  156  0.002720  1.90693e+01  2.3820e+00
  157  0.002817  1.84891e+01  2.3132e+00
  158  0.002914  1.89242e+01  2.3550e+00
  159  0.003012  1.67549e+01  2.2627e+00
  160  0.003109  1.90089e+01  2.4520e+00
  161  0.003206  1.33552e+01  2.0677e+00
  162  0.003303  1.62520e+01  2.2590e+00
  163  0.003400  1.44505e+01  2.1120e+00
  164  0.003497  1.33026e+01  2.0307e+00
  165  0.003595  1.45310e+01  2.1464e+00
  166  0.003692  1.45957e+01  2.1581e+00
  167  0.003789  1.65466e+01  2.2974e+00
  168  0.003886  1.69373e+01  2.3224e+00
  169  0.003983  1.54925e+01  2.2209e+00
  170  0.004080  1.36765e+01  2.0830e+00
  171  0.004177  1.33960e+01  2.1003e+00
  172  0.004275  1.51019e+01  2.2990e+00
  173  0.004372  1.33630e+01  2.2139e+00
  174  0.004469  1.32885e+01  2.2173e+00
  175  0.004566  1.24372e+01  2.1080e+00
  176  0.004663  2.04190e+01  2.5998e+00
  177  0.004760  1.25974e+01  1.9437e+00
  178  0.004857  1.62073e+01  2.1321e+00
  179  0.004955  1.50693e+01  2.0881e+00
  180  0.005052  1.25217e+01  2.0178e+00
  181  0.005149  1.05777e+01  1.9652e+00
  182  0.005246  1.42490e+01  2.3504e+00
  183  0.005343  1.34935e+01  2.3154e+00
  184  0.005440  1.47969e+01  2.4283e+00
  185  0.005538  1.69611e+01  2.6087e+00
  186  0.005635  1.26564e+01  2.2732e+00
  187  0.005732  1.73302e+01  2.6791e+00
  188  0.005829  1.91389e+01  2.8002e+00
  189  0.005926  1.73868e+01  2.5950e+00
  190  0.006023  1.19603e+01  2.0661e+00
  191  0.006120  1.38558e+01  2.1343e+00
  192  0.006218  1.25147e+01  2.0083e+00
  193  0.006315  1.42593e+01  2.1862e+00
  194  0.006412  1.37738e+01  2.2295e+00
  195  0.006509  1.33611e+01  2.2493e+00
  196  0.006606  1.23661e+01  2.1784e+00
  197  0.006703  1.44961e+01  2.3595e+00
  198  0.006800  1.53564e+01  2.4232e+00
  199  0.006898  1.63040e+01  2.5088e+00
  200  0.006995  1.22079e+01  2.2026e+00
  201  0.007092  9.27771e+00  1.9766e+00
  202  0.007189  1.13661e+01  2.2425e+00
  203  0.007286  1.69487e+01  2.7797e+00
  204  0.007383  2.23912e+01  3.1878e+00
  205  0.007481  1.52659e+01  2.6027e+00
  206  0.007578  1.16011e+01  2.2217e+00
  207  0.007675  1.69451e+01  2.6001e+00
  208  0.007772  1.53719e+01  2.3295e+00
  209  0.007869  1.84110e+01  2.4111e+00
  210  0.007966  1.82098e+01  2.5283e+00
  211  0.008063  1.30860e+01  2.3560e+00
  212  0.008161  1.28294e+01  2.4422e+00
  213  0.008258  1.46410e+01  2.6679e+00
  214  0.008355  1.59396e+01  2.8205e+00
  215  0.008452  1.69283e+01  2.9362e+00
  216  0.008549  1.52355e+01  2.7906e+00
  217  0.008646  1.73808e+01  2.9483e+00
  218  0.008743  1.34731e+01  2.5452e+00
  219  0.008841  1.72465e+01  2.8243e+00
  220  0.008938  1.15787e+01  2.2782e+00
  221  0.009035  1.32242e+01  2.4592e+00
  222  0.009132  1.18496e+01  2.3857e+00
  223  0.009229  1.23588e+01  2.3947e+00
  224  0.009326  1.47285e+01  2.4871e+00
  225  0.009424  1.40975e+01  2.3393e+00
  226  0.009521  1.63014e+01  2.6568e+00
  227  0.009618  1.33543e+01  2.6284e+00
  228  0.009715  1.18913e+01  2.6192e+00
  229  0.009812  9.02667e+00  2.3530e+00
  230  0.009909  1.07954e+01  2.6092e+00
  231  0.010006  1.20447e+01  2.7231e+00
  232  0.010104  1.76660e+01  3.1236e+00
  233  0.010201  1.62674e+01  2.7145e+00
  234  0.010298  1.95357e+01  2.6462e+00
  235  0.010395  1.65070e+01  2.2509e+00
  236  0.010492  1.73824e+01  2.3955e+00
  237  0.010589  1.44498e+01  2.4540e+00
  238  0.010686  1.84377e+01  2.8982e+00
  239  0.010784  1.82241e+01  3.0090e+00
  240  0.010881  1.41718e+01  2.9129e+00
  241  0.010978  1.23411e+01  2.7896e+00
  242  0.011075  1.32094e+01  2.9345e+00
  243  0.011172  1.67517e+01  3.3882e+00
  244  0.011269  1.50244e+01  3.2159e+00
  245  0.011366  1.93850e+01  3.5033e+00
  246  0.011464  1.46695e+01  2.8510e+00
  247  0.011561  1.26127e+01  2.5420e+00
  248  0.011658  1.79124e+01  2.9083e+00
  249  0.011755  1.38380e+01  2.3408e+00
  250  0.011852  1.44131e+01  2.0553e+00
  251  0.011949  1.55410e+01  1.8586e+00
  252  0.012047  1.78813e+01  1.7313e+00
  253  0.012144  1.84240e+01  1.5505e+00
  254  0.012241  1.55866e+01  1.2831e+00
  255  0.012338  1.46095e+01  9.9753e-01
  258    1    2    0    0    0    0  255
 TiCrHx 350K  # experiment title
  34.70   2.080  0.0000  350.000   0.0 0
                  0.0971  0.0000  0.0000
    1 -0.012338  6.54500e+00  1.8408e+00
    2 -0.012241  5.71630e+00  4.4275e-01
    3 -0.012144  4.80393e+00  4.9333e-01
    4 -0.012047  5.59495e+00  6.8396e-01
    5 -0.011949  5.63137e+00  8.3152e-01
    6 -0.011852  4.91306e+00  8.8461e-01
    7 -0.011755  6.47288e+00  1.0093e+00
    8 -0.011658  6.07032e+00  1.0304e+00
    9 -0.011561  4.68978e+00  9.8994e-01
   10 -0.011464  4.92142e+00  9.7375e-01
   11 -0.011366  4.77695e+00  8.1269e-01
   12 -0.011269  6.12125e+00  8.1951e-01
   13 -0.011172  5.86884e+00  9.7634e-01
   14 -0.011075  7.07161e+00  1.1969e+00
   15 -0.010978  3.81605e+00  9.0429e-01
   16 -0.010881  5.74927e+00  1.2192e+00
   17 -0.010784  3.57292e+00  1.0407e+00
   18 -0.010686  3.53730e+00  1.0351e+00
   19 -0.010589  5.74502e+00  1.2099e+00
   20 -0.010492  5.19674e+00  1.0073e+00
   21 -0.010395  6.87257e+00  1.1012e+00
   22 -0.010298  4.36945e+00  9.1364e-01
   23 -0.010201  4.85291e+00  1.0559e+00
   24 -0.010104  4.28926e+00  1.0918e+00
   25 -0.010006  5.85734e+00  1.3685e+00
   26 -0.009909  5.11559e+00  1.3202e+00
   27 -0.009812  4.56999e+00  1.2525e+00
   28 -0.009715  5.40492e+00  1.3425e+00
   29 -0.009618  4.98521e+00  1.2576e+00
   30 -0.009521  3.72049e+00  1.0315e+00
   31 -0.009424  3.35377e+00  9.0037e-01
   32 -0.009326  6.16254e+00  1.1462e+00
   33 -0.009229  5.77644e+00  1.1454e+00
   34 -0.009132  5.96680e+00  1.2322e+00
   35 -0.009035  5.71355e+00  1.2515e+00
   36 -0.008938  8.31776e+00  1.5350e+00
   37 -0.008841  2.77807e+00  8.9015e-01
   38 -0.008743  3.69841e+00  1.0153e+00
   39 -0.008646  5.08342e+00  1.1679e+00
   40 -0.008549  6.22813e+00  1.2850e+00
   41 -0.008452  5.09065e+00  1.2039e+00
   42 -0.008355  5.48432e+00  1.3048e+00
   43 -0.008258  6.49545e+00  1.4520e+00
   44 -0.008161  6.43517e+00  1.4415e+00
   45 -0.008063  6.97332e+00  1.4641e+00
   46 -0.007966  7.47503e+00  1.4424e+00
   47 -0.007869  4.79043e+00  1.0826e+00
   48 -0.007772  4.76817e+00  1.0441e+00
   49 -0.007675  4.98489e+00  1.0874e+00
   50 -0.007578  4.87644e+00  1.1297e+00
   51 -0.007481  6.28417e+00  1.3416e+00
   52 -0.007383  5.95504e+00  1.3443e+00
   53 -0.007286  3.54614e+00  1.0596e+00
   54 -0.007189  6.86397e+00  1.4911e+00
   55 -0.007092  7.15435e+00  1.5058e+00
   56 -0.006995  5.71067e+00  1.3049e+00
   57 -0.006898  8.06520e+00  1.4721e+00
   58 -0.006800  5.68479e+00  1.1584e+00
   59 -0.006703  5.82142e+00  1.1108e+00
   60 -0.006606  3.96693e+00  9.1263e-01
   61 -0.006509  7.55751e+00  1.3274e+00
   62 -0.006412  4.96071e+00  1.1732e+00
   63 -0.006315  5.16287e+00  1.2823e+00
   64 -0.006218  5.01863e+00  1.3085e+00
   65 -0.006120  5.45761e+00  1.3723e+00
   66 -0.006023  4.11678e+00  1.1497e+00
   67 -0.005926  4.69847e+00  1.1453e+00
   68 -0.005829  5.50228e+00  1.1095e+00
   69 -0.005732  4.58514e+00  9.7453e-01
   70 -0.005635  5.10891e+00  1.0888e+00
   71 -0.005538  4.73844e+00  1.1094e+00
   72 -0.005440  5.01363e+00  1.1759e+00
   73 -0.005343  4.51648e+00  1.1345e+00
   74 -0.005246  5.19828e+00  1.2023e+00
   75 -0.005149  4.82493e+00  1.1503e+00
   76 -0.005052  7.19443e+00  1.4018e+00
   77 -0.004955  4.41294e+00  1.1006e+00
   78 -0.004857  5.98531e+00  1.2742e+00
   79 -0.004760  6.04535e+00  1.2509e+00
   80 -0.004663  5.47789e+00  1.1361e+00
   81 -0.004566  5.95370e+00  1.1354e+00
   82 -0.004469  5.82673e+00  1.1423e+00
   83 -0.004372  5.54718e+00  1.1999e+00
   84 -0.004275  5.66175e+00  1.2956e+00
   85 -0.004177  9.02216e+00  1.6875e+00
   86 -0.004080  5.12381e+00  1.2688e+00
   87 -0.003983  5.99557e+00  1.3131e+00
   88 -0.003886  6.06335e+00  1.2133e+00
   89 -0.003789  7.50743e+00  1.2673e+00
   90 -0.003692  7.35026e+00  1.2807e+00
   91 -0.003595  6.44911e+00  1.2618e+00
   92 -0.003497  5.56424e+00  1.2078e+00
   93 -0.003400  5.94795e+00  1.2749e+00
   94 -0.003303  8.22148e+00  1.5016e+00
   95 -0.003206  6.92249e+00  1.3335e+00
   96 -0.003109  5.86843e+00  1.1770e+00
   97 -0.003012  8.49502e+00  1.4368e+00
   98 -0.002914  6.07125e+00  1.2835e+00
   99 -0.002817  7.48596e+00  1.4710e+00
  100 -0.002720  5.17933e+00  1.2129e+00
  101 -0.002623  6.81485e+00  1.3397e+00
  102 -0.002526  8.31203e+00  1.3935e+00
  103 -0.002429  6.34312e+00  1.1519e+00
  104 -0.002332  9.41435e+00  1.4076e+00
  105 -0.002234  6.20925e+00  1.2087e+00
  106 -0.002137  8.10675e+00  1.4598e+00
  107 -0.002040  6.83910e+00  1.3843e+00
  108 -0.001943  7.76310e+00  1.4711e+00
  109 -0.001846  9.15639e+00  1.5520e+00
  110 -0.001749  8.23355e+00  1.4325e+00
  111 -0.001652  1.24751e+01  1.7686e+00
  112 -0.001554  8.90068e+00  1.5205e+00
  113 -0.001457  8.34166e+00  1.4751e+00
  114 -0.001360  8.97047e+00  1.5161e+00
  115 -0.001263  1.00067e+01  1.5626e+00
  116 -0.001166  1.07699e+01  1.5719e+00
  117 -0.001069  1.04336e+01  1.5204e+00
  118 -0.000971  1.25699e+01  1.7111e+00
  119 -0.000874  1.35976e+01  1.8847e+00
  120 -0.000777  1.60695e+01  2.1482e+00
  121 -0.000680  1.67553e+01  2.2193e+00
  122 -0.000583  1.71625e+01  2.2319e+00
  123 -0.000486  1.76776e+01  2.1922e+00
  124 -0.000389  2.40495e+01  2.4066e+00
  125 -0.000291  2.65779e+01  2.3960e+00
  126 -0.000194  3.13967e+01  2.5723e+00
  127 -0.000097  4.02321e+01  2.9740e+00
  128  0.000000  4.28914e+01  3.1873e+00
  129  0.000097  6.47243e+01  4.0208e+00
  130  0.000194  8.63647e+01  4.7044e+00
  131  0.000291  9.42939e+01  4.9571e+00
  132  0.000389  9.59873e+01  5.1453e+00
  133  0.000486  1.09377e+02  5.5739e+00
  134  0.000583  1.19597e+02  5.6611e+00
  135  0.000680  1.25918e+02  5.5074e+00
  136  0.000777  1.47559e+02  5.6385e+00
  137  0.000874  1.40373e+02  5.4696e+00
  138  0.000971  1.45492e+02  5.8013e+00
  139  0.001069  1.47778e+02  6.1891e+00
  140  0.001166  1.39585e+02  6.2702e+00
  141  0.001263  1.34577e+02  6.2602e+00
  142  0.001360  1.40380e+02  6.3400e+00
  143  0.001457  1.28054e+02  5.9075e+00
  144  0.001554  1.26680e+02  5.7214e+00
  145  0.001652  1.14679e+02  5.3612e+00
  146  0.001749  1.06525e+02  5.0699e+00
  147  0.001846  9.41225e+01  4.7353e+00
  148  0.001943  8.66951e+01  4.6140e+00
  149  0.002040  7.26618e+01  4.3152e+00
  150  0.002137  6.04942e+01  4.0046e+00
  151  0.002234  5.31611e+01  3.8202e+00
  152  0.002332  5.22532e+01  3.8729e+00
  153  0.002429  4.66795e+01  3.6906e+00
  154  0.002526  3.83903e+01  3.3139e+00
  155  0.002623  3.81935e+01  3.2340e+00
  156  0.002720  3.19547e+01  2.8915e+00
  157  0.002817  3.14028e+01  2.8269e+00
  158  0.002914  2.66211e+01  2.6191e+00
  159  0.003012  2.27011e+01  2.4697e+00
  160  0.003109  2.40955e+01  2.5886e+00
  161  0.003206  2.27238e+01  2.5292e+00
  162  0.003303  1.86730e+01  2.2705e+00
  163  0.003400  2.11217e+01  2.3943e+00
  164  0.003497  2.00139e+01  2.3356e+00
  165  0.003595  1.85119e+01  2.2716e+00
  166  0.003692  1.76935e+01  2.2280e+00
  167  0.003789  1.56472e+01  2.0948e+00
  168  0.003886  1.42747e+01  1.9991e+00
  169  0.003983  1.21257e+01  1.8423e+00
  170  0.004080  1.55348e+01  2.0816e+00
  171  0.004177  1.37164e+01  1.9928e+00
  172  0.004275  1.02807e+01  1.7785e+00
  173  0.004372  1.31405e+01  2.0585e+00
  174  0.004469  8.96897e+00  1.7080e+00
  175  0.004566  1.01821e+01  1.7885e+00
  176  0.004663  9.87121e+00  1.6949e+00
  177  0.004760  7.99210e+00  1.4517e+00
  178  0.004857  7.84608e+00  1.3909e+00
  179  0.004955  8.20354e+00  1.4446e+00
  180  0.005052  7.01036e+00  1.4156e+00
  181  0.005149  5.10582e+00  1.2802e+00
  182  0.005246  7.01393e+00  1.5462e+00
  183  0.005343  6.75352e+00  1.5359e+00
  184  0.005440  8.47068e+00  1.7227e+00
  185  0.005538  9.11411e+00  1.7930e+00
  186  0.005635  7.30849e+00  1.6197e+00
  187  0.005732  7.43545e+00  1.6454e+00
  188  0.005829  3.92933e+00  1.1896e+00
  189  0.005926  8.78308e+00  1.7294e+00
  190  0.006023  4.15578e+00  1.1419e+00
  191  0.006120  7.01237e+00  1.4237e+00
  192  0.006218  5.95207e+00  1.2986e+00
  193  0.006315  6.68412e+00  1.4035e+00
  194  0.006412  5.43653e+00  1.3133e+00
  195  0.006509  5.46268e+00  1.3485e+00
  196  0.006606  6.65923e+00  1.4989e+00
  197  0.006703  6.05646e+00  1.4300e+00
  198  0.006800  5.13874e+00  1.3143e+00
  199  0.006898  5.36184e+00  1.3490e+00
  200  0.006995  7.43981e+00  1.6122e+00
  201  0.007092  5.62946e+00  1.4437e+00
  202  0.007189  3.58758e+00  1.1813e+00
  203  0.007286  3.23757e+00  1.1391e+00
  204  0.007383  3.83580e+00  1.2371e+00
  205  0.007481  6.60727e+00  1.6055e+00
  206  0.007578  7.65372e+00  1.6920e+00
  207  0.007675  4.57172e+00  1.2663e+00
  208  0.007772  7.01865e+00  1.4759e+00
  209  0.007869  5.14278e+00  1.1948e+00
  210  0.007966  7.84747e+00  1.5562e+00
  211  0.008063  4.25609e+00  1.2598e+00
  212  0.008161  3.92126e+00  1.2659e+00
  213  0.008258  6.34262e+00  1.6464e+00
  214  0.008355  5.70824e+00  1.5826e+00
  215  0.008452  6.31200e+00  1.6811e+00
  216  0.008549  9.36138e+00  2.0510e+00
  217  0.008646  6.76350e+00  1.7244e+00
  218  0.008743  3.26468e+00  1.1747e+00
  219  0.008841  5.17952e+00  1.4512e+00
  220  0.008938  7.49487e+00  1.7186e+00
  221  0.009035  7.67334e+00  1.7565e+00
  222  0.009132  6.15392e+00  1.6121e+00
  223  0.009229  8.26062e+00  1.8357e+00
  224  0.009326  5.38448e+00  1.4100e+00
  225  0.009424  6.99506e+00  1.5450e+00
  226  0.009521  9.14836e+00  1.8662e+00
  227  0.009618  6.87388e+00  1.7682e+00
  228  0.009715  3.75334e+00  1.3798e+00
  229  0.009812  6.25893e+00  1.8372e+00
  230  0.009909  7.48416e+00  2.0370e+00
  231  0.010006  8.73243e+00  2.1740e+00
  232  0.010104  7.77585e+00  1.9431e+00
  233  0.010201  7.48794e+00  1.7268e+00
  234  0.010298  6.57339e+00  1.4392e+00
  235  0.010395  8.99565e+00  1.5580e+00
  236  0.010492  7.36412e+00  1.4619e+00
  237  0.010589  7.08690e+00  1.6114e+00
  238  0.010686  7.75639e+00  1.7625e+00
  239  0.010784  4.32132e+00  1.3738e+00
  240  0.010881  4.33041e+00  1.5097e+00
  241  0.010978  5.92349e+00  1.8122e+00
  242  0.011075  9.42192e+00  2.3238e+00
  243  0.011172  5.91226e+00  1.8873e+00
  244  0.011269  8.52226e+00  2.2710e+00
  245  0.011366  6.55262e+00  1.9098e+00
  246  0.011464  8.34369e+00  2.0161e+00
  247  0.011561  9.88639e+00  2.1103e+00
  248  0.011658  8.85533e+00  1.9173e+00
  249  0.011755  6.24392e+00  1.4743e+00
  250  0.011852  6.69682e+00  1.3136e+00
  251  0.011949  6.71443e+00  1.1455e+00
  252  0.012047  7.98343e+00  1.0847e+00
  253  0.012144  7.28836e+00  9.1438e-01
  254  0.012241  6.71743e+00  7.8979e-01
  255  0.012338  6.28483e+00  6.1346e-01
  258    1    2    0    0    0    0  255
 TiCrHx 350K  # experiment title
  51.00   2.080  0.0000  350.000   0.0 0
                  0.0971  0.0000  0.0000
    1 -0.012338  1.18592e+00  5.1667e-01
    2 -0.012241  1.75119e+00  1.6158e-01
    3 -0.012144  1.59261e+00  1.8729e-01
    4 -0.012047  1.80529e+00  2.5617e-01
    5 -0.011949  2.05562e+00  3.3126e-01
    6 -0.011852  2.22650e+00  3.9266e-01
    7 -0.011755  1.40867e+00  3.1045e-01
    8 -0.011658  1.43358e+00  3.3017e-01
    9 -0.011561  1.57746e+00  3.7857e-01
   10 -0.011464  1.47882e+00  3.5195e-01
   11 -0.011366  1.59824e+00  3.0995e-01
   12 -0.011269  1.46997e+00  2.6480e-01
   13 -0.011172  1.51695e+00  3.2729e-01
   14 -0.011075  2.03722e+00  4.2358e-01
   15 -0.010978  1.58646e+00  3.8445e-01
   16 -0.010881  9.62856e-01  3.2898e-01
   17 -0.010784  7.17545e-01  3.0752e-01
   18 -0.010686  1.66862e+00  4.6875e-01
   19 -0.010589  2.41651e+00  5.1738e-01
   20 -0.010492  1.50799e+00  3.5780e-01
   21 -0.010395  1.43352e+00  3.3160e-01
   22 -0.010298  1.91580e+00  3.9890e-01
   23 -0.010201  1.56263e+00  3.9507e-01
   24 -0.010104  1.16399e+00  3.7504e-01
   25 -0.010006  1.23789e+00  4.1481e-01
   26 -0.009909  1.09809e+00  4.0332e-01
   27 -0.009812  1.67217e+00  4.9958e-01
   28 -0.009715  1.84216e+00  5.1680e-01
   29 -0.009618  8.96212e-01  3.5159e-01
   30 -0.009521  1.03088e+00  3.5801e-01
   31 -0.009424  1.55992e+00  4.0489e-01
   32 -0.009326  2.37097e+00  4.6878e-01
   33 -0.009229  1.77407e+00  4.1854e-01
   34 -0.009132  1.20077e+00  3.6447e-01
   35 -0.009035  1.52803e+00  4.2675e-01
   36 -0.008938  1.47866e+00  4.2673e-01
   37 -0.008841  1.52262e+00  4.3453e-01
   38 -0.008743  1.73172e+00  4.5810e-01
   39 -0.008646  1.90931e+00  4.7197e-01
   40 -0.008549  1.82522e+00  4.5869e-01
   41 -0.008452  1.37362e+00  4.1234e-01
   42 -0.008355  1.29636e+00  4.1827e-01
   43 -0.008258  1.71728e+00  4.9226e-01
   44 -0.008161  1.53261e+00  4.6385e-01
   45 -0.008063  2.42982e+00  5.6986e-01
   46 -0.007966  1.87834e+00  4.7676e-01
   47 -0.007869  1.43590e+00  3.9080e-01
   48 -0.007772  2.34734e+00  4.8305e-01
   49 -0.007675  1.71622e+00  4.2071e-01
   50 -0.007578  1.49795e+00  4.1286e-01
   51 -0.007481  2.28144e+00  5.3301e-01
   52 -0.007383  1.48306e+00  4.4235e-01
   53 -0.007286  1.47026e+00  4.4987e-01
   54 -0.007189  8.55875e-01  3.4717e-01
   55 -0.007092  1.70324e+00  4.8443e-01
   56 -0.006995  2.01861e+00  5.1155e-01
   57 -0.006898  1.47810e+00  4.1554e-01
   58 -0.006800  1.06275e+00  3.3026e-01
   59 -0.006703  2.15527e+00  4.4566e-01
   60 -0.006606  1.95416e+00  4.2236e-01
   61 -0.006509  1.49522e+00  3.8931e-01
   62 -0.006412  1.37535e+00  4.0731e-01
   63 -0.006315  1.92151e+00  5.1583e-01
   64 -0.006218  1.67010e+00  4.9772e-01
   65 -0.006120  1.90405e+00  5.3446e-01
   66 -0.006023  1.66758e+00  4.8247e-01
   67 -0.005926  1.57157e+00  4.3676e-01
   68 -0.005829  1.91730e+00  4.3184e-01
   69 -0.005732  2.06726e+00  4.3147e-01
   70 -0.005635  1.65041e+00  4.0805e-01
   71 -0.005538  2.43472e+00  5.2437e-01
   72 -0.005440  1.08734e+00  3.6108e-01
   73 -0.005343  1.55008e+00  4.3824e-01
   74 -0.005246  1.54690e+00  4.3247e-01
   75 -0.005149  1.14917e+00  3.7015e-01
   76 -0.005052  2.40833e+00  5.3478e-01
   77 -0.004955  2.38225e+00  5.3318e-01
   78 -0.004857  2.24259e+00  5.1429e-01
   79 -0.004760  2.12345e+00  4.8884e-01
   80 -0.004663  1.46013e+00  3.8675e-01
   81 -0.004566  1.08901e+00  3.2018e-01
   82 -0.004469  2.11121e+00  4.5339e-01
   83 -0.004372  2.44327e+00  5.2507e-01
   84 -0.004275  1.09472e+00  3.7565e-01
   85 -0.004177  2.25786e+00  5.5663e-01
   86 -0.004080  1.84601e+00  5.0216e-01
   87 -0.003983  2.45067e+00  5.5353e-01
   88 -0.003886  8.87669e-01  3.0610e-01
   89 -0.003789  1.28835e+00  3.4617e-01
   90 -0.003692  1.26936e+00  3.5092e-01
   91 -0.003595  1.61074e+00  4.1578e-01
   92 -0.003497  8.34937e-01  3.0848e-01
   93 -0.003400  2.19588e+00  5.1077e-01
   94 -0.003303  2.39410e+00  5.3427e-01
   95 -0.003206  1.67281e+00  4.3221e-01
   96 -0.003109  1.85180e+00  4.3595e-01
   97 -0.003012  2.50774e+00  5.1472e-01
   98 -0.002914  1.33817e+00  3.9730e-01
   99 -0.002817  2.62236e+00  5.7407e-01
  100 -0.002720  2.47148e+00  5.5245e-01
  101 -0.002623  2.52073e+00  5.3725e-01
  102 -0.002526  2.63435e+00  5.1727e-01
  103 -0.002429  3.16486e+00  5.3652e-01
  104 -0.002332  1.68358e+00  3.9248e-01
  105 -0.002234  1.64704e+00  4.1048e-01
  106 -0.002137  2.26424e+00  5.0868e-01
  107 -0.002040  3.03962e+00  6.0850e-01
  108 -0.001943  3.62885e+00  6.6321e-01
  109 -0.001846  2.53127e+00  5.3805e-01
  110 -0.001749  3.24083e+00  5.9258e-01
  111 -0.001652  3.27436e+00  5.9744e-01
  112 -0.001554  2.72827e+00  5.5506e-01
  113 -0.001457  2.94188e+00  5.7762e-01
  114 -0.001360  3.89472e+00  6.5869e-01
  115 -0.001263  4.87657e+00  7.1927e-01
  116 -0.001166  4.09181e+00  6.3886e-01
  117 -0.001069  6.24589e+00  7.7567e-01
  118 -0.000971  6.69111e+00  8.2317e-01
  119 -0.000874  8.28072e+00  9.6980e-01
  120 -0.000777  1.02377e+01  1.1306e+00
  121 -0.000680  1.45772e+01  1.3650e+00
  122 -0.000583  2.11786e+01  1.6350e+00
  123 -0.000486  3.22434e+01  1.9527e+00
  124 -0.000389  4.87687e+01  2.2606e+00
  125 -0.000291  7.64831e+01  2.6819e+00
  126 -0.000194  1.00767e+02  3.0414e+00
  127 -0.000097  1.26085e+02  3.4755e+00
  128  0.000000  1.53372e+02  3.9798e+00
  129  0.000097  1.63976e+02  4.2259e+00
  130  0.000194  1.54348e+02  4.1519e+00
  131  0.000291  1.32455e+02  3.8777e+00
  132  0.000389  1.07373e+02  3.5907e+00
  133  0.000486  9.22660e+01  3.3772e+00
  134  0.000583  6.96993e+01  2.8501e+00
  135  0.000680  5.10337e+01  2.3118e+00
  136  0.000777  3.49372e+01  1.8085e+00
  137  0.000874  2.32677e+01  1.4677e+00
  138  0.000971  1.47891e+01  1.2189e+00
  139  0.001069  1.50520e+01  1.3018e+00
  140  0.001166  9.90744e+00  1.1009e+00
  141  0.001263  1.07296e+01  1.1649e+00
  142  0.001360  7.34394e+00  9.5562e-01
  143  0.001457  7.82682e+00  9.6252e-01
  144  0.001554  7.07852e+00  8.9131e-01
  145  0.001652  7.68635e+00  9.1477e-01
  146  0.001749  6.01883e+00  7.9428e-01
  147  0.001846  6.91045e+00  8.4573e-01
  148  0.001943  6.39091e+00  8.2575e-01
  149  0.002040  5.27197e+00  7.6621e-01
  150  0.002137  5.91577e+00  8.2556e-01
  151  0.002234  7.43023e+00  9.4157e-01
  152  0.002332  5.85059e+00  8.5435e-01
  153  0.002429  9.54037e+00  1.1000e+00
  154  0.002526  9.22770e+00  1.0712e+00
  155  0.002623  9.77077e+00  1.0785e+00
  156  0.002720  9.84046e+00  1.0580e+00
  157  0.002817  7.48162e+00  9.0975e-01
  158  0.002914  8.14052e+00  9.5497e-01
  159  0.003012  9.00336e+00  1.0255e+00
  160  0.003109  9.43953e+00  1.0683e+00
  161  0.003206  6.85600e+00  9.1598e-01
  162  0.003303  6.01632e+00  8.4976e-01
  163  0.003400  5.65831e+00  8.1708e-01
  164  0.003497  4.81400e+00  7.5526e-01
  165  0.003595  3.76800e+00  6.7574e-01
  166  0.003692  3.56289e+00  6.5920e-01
  167  0.003789  3.69625e+00  6.7130e-01
  168  0.003886  1.84651e+00  4.7407e-01
  169  0.003983  2.94734e+00  5.9890e-01
  170  0.004080  2.51787e+00  5.5256e-01
  171  0.004177  2.61201e+00  5.7338e-01
  172  0.004275  2.17078e+00  5.3887e-01
  173  0.004372  2.95831e+00  6.4401e-01
  174  0.004469  2.92560e+00  6.4321e-01
  175  0.004566  1.66559e+00  4.7694e-01
  176  0.004663  1.82154e+00  4.8006e-01
  177  0.004760  2.23821e+00  5.0654e-01
  178  0.004857  1.81796e+00  4.4147e-01
  179  0.004955  1.80446e+00  4.4673e-01
  180  0.005052  2.18012e+00  5.2053e-01
  181  0.005149  1.29387e+00  4.2493e-01
  182  0.005246  2.07619e+00  5.5469e-01
  183  0.005343  2.00905e+00  5.5235e-01
  184  0.005440  2.34477e+00  5.9763e-01
  185  0.005538  1.09164e+00  4.0916e-01
  186  0.005635  1.43249e+00  4.7282e-01
  187  0.005732  1.89148e+00  5.4719e-01
  188  0.005829  1.91782e+00  5.4801e-01
  189  0.005926  1.85358e+00  5.2383e-01
  190  0.006023  1.41541e+00  4.3941e-01
  191  0.006120  1.75236e+00  4.6926e-01
  192  0.006218  1.68943e+00  4.5619e-01
  193  0.006315  3.01872e+00  6.2191e-01
  194  0.006412  2.15373e+00  5.4506e-01
  195  0.006509  1.78632e+00  5.0847e-01
  196  0.006606  1.62493e+00  4.8821e-01
  197  0.006703  2.43645e+00  5.9806e-01
  198  0.006800  2.33917e+00  5.8471e-01
  199  0.006898  1.68702e+00  4.9893e-01
  200  0.006995  2.19235e+00  5.7707e-01
  201  0.007092  1.56299e+00  5.0158e-01
  202  0.007189  7.76800e-01  3.6244e-01
  203  0.007286  1.36913e+00  4.8843e-01
  204  0.007383  1.48117e+00  5.0687e-01
  205  0.007481  2.08908e+00  5.9525e-01
  206  0.007578  1.29174e+00  4.5833e-01
  207  0.007675  2.08890e+00  5.6440e-01
  208  0.007772  2.36547e+00  5.6495e-01
  209  0.007869  1.55661e+00  4.3343e-01
  210  0.007966  2.45196e+00  5.7356e-01
  211  0.008063  1.77106e+00  5.3585e-01
  212  0.008161  2.13353e+00  6.1572e-01
  213  0.008258  1.90681e+00  5.9524e-01
  214  0.008355  2.27445e+00  6.5869e-01
  215  0.008452  1.86334e+00  6.0226e-01
  216  0.008549  1.72474e+00  5.8048e-01
  217  0.008646  1.50896e+00  5.3706e-01
  218  0.008743  2.34151e+00  6.5600e-01
  219  0.008841  1.92989e+00  5.8409e-01
  220  0.008938  1.83875e+00  5.6129e-01
  221  0.009035  1.59020e+00  5.2723e-01
  222  0.009132  1.68795e+00  5.5669e-01
  223  0.009229  2.00286e+00  5.9600e-01
  224  0.009326  1.51430e+00  4.9302e-01
  225  0.009424  1.67608e+00  4.9867e-01
  226  0.009521  1.72411e+00  5.3418e-01
  227  0.009618  1.26707e+00  5.0055e-01
  228  0.009715  1.47661e+00  5.7063e-01
  229  0.009812  1.87649e+00  6.6329e-01
  230  0.009909  1.90941e+00  6.7843e-01
  231  0.010006  2.68075e+00  7.9424e-01
  232  0.010104  2.25779e+00  6.9038e-01
  233  0.010201  2.25095e+00  6.2427e-01
  234  0.010298  1.71690e+00  4.8498e-01
  235  0.010395  2.23009e+00  5.1150e-01
  236  0.010492  2.11888e+00  5.1707e-01
  237  0.010589  2.58410e+00  6.4160e-01
  238  0.010686  2.26461e+00  6.2795e-01
  239  0.010784  1.90058e+00  6.0074e-01
  240  0.010881  1.70415e+00  6.2449e-01
  241  0.010978  2.06079e+00  7.0477e-01
  242  0.011075  1.55831e+00  6.2312e-01
  243  0.011172  3.98216e+00  1.0213e+00
  244  0.011269  1.70143e+00  6.6906e-01
  245  0.011366  2.34977e+00  7.5407e-01
  246  0.011464  3.75156e+00  8.9138e-01
  247  0.011561  1.82323e+00  5.9753e-01
  248  0.011658  2.64445e+00  6.9085e-01
  249  0.011755  2.21224e+00  5.7864e-01
  250  0.011852  2.76119e+00  5.5618e-01
  251  0.011949  1.99301e+00  4.1149e-01
  252  0.012047  2.61346e+00  4.0921e-01
  253  0.012144  2.18375e+00  3.3002e-01
  254  0.012241  1.49122e+00  2.4536e-01
  255  0.012338  1.93351e+00  2.2436e-01
  258    1    2    0    0    0    0  255
 TiCrHx 350K  # experiment title
  71.00   2.080  0.0000  350.000   0.0 0
                  0.0971  0.0000  0.0000
    1 -0.012338  1.57286e+00  5.1656e-01
    2 -0.012241  9.92562e-01  1.0561e-01
    3 -0.012144  9.90680e-01  1.2824e-01
    4 -0.012047  9.79723e-01  1.6383e-01
    5 -0.011949  1.17187e+00  2.1713e-01
    6 -0.011852  9.26270e-01  2.1987e-01
    7 -0.011755  9.16518e-01  2.1739e-01
    8 -0.011658  1.34639e+00  2.7779e-01
    9 -0.011561  1.16106e+00  2.8195e-01
   10 -0.011464  1.37091e+00  2.9419e-01
   11 -0.011366  9.48762e-01  2.0732e-01
   12 -0.011269  1.16334e+00  2.0450e-01
   13 -0.011172  7.67923e-01  2.0216e-01
   14 -0.011075  1.12147e+00  2.7283e-01
   15 -0.010978  9.83779e-01  2.6282e-01
   16 -0.010881  6.41046e-01  2.3303e-01
   17 -0.010784  1.18139e+00  3.4257e-01
   18 -0.010686  1.09250e+00  3.2928e-01
   19 -0.010589  1.09479e+00  3.0232e-01
   20 -0.010492  9.60058e-01  2.4784e-01
   21 -0.010395  9.64671e-01  2.3615e-01
   22 -0.010298  8.01252e-01  2.2396e-01
   23 -0.010201  1.22071e+00  3.0314e-01
   24 -0.010104  1.28542e+00  3.4215e-01
   25 -0.010006  4.84061e-01  2.2519e-01
   26 -0.009909  7.59112e-01  2.9112e-01
   27 -0.009812  9.67775e-01  3.2994e-01
   28 -0.009715  8.19801e-01  2.9930e-01
   29 -0.009618  1.31074e+00  3.6913e-01
   30 -0.009521  1.06792e+00  3.1634e-01
   31 -0.009424  1.28569e+00  3.1911e-01
   32 -0.009326  8.58909e-01  2.4494e-01
   33 -0.009229  7.37835e-01  2.3432e-01
   34 -0.009132  4.56438e-01  1.9508e-01
   35 -0.009035  8.57202e-01  2.7748e-01
   36 -0.008938  9.54263e-01  2.9761e-01
   37 -0.008841  1.28363e+00  3.4636e-01
   38 -0.008743  1.23875e+00  3.3635e-01
   39 -0.008646  5.02933e-01  2.1029e-01
   40 -0.008549  1.16364e+00  3.1795e-01
   41 -0.008452  1.07563e+00  3.1677e-01
   42 -0.008355  1.01777e+00  3.2174e-01
   43 -0.008258  1.17054e+00  3.5282e-01
   44 -0.008161  1.05001e+00  3.3331e-01
   45 -0.008063  7.30650e-01  2.7128e-01
   46 -0.007966  7.44819e-01  2.6063e-01
   47 -0.007869  1.27937e+00  3.2024e-01
   48 -0.007772  7.79978e-01  2.4173e-01
   49 -0.007675  1.08893e+00  2.9092e-01
   50 -0.007578  8.78483e-01  2.7448e-01
   51 -0.007481  8.52431e-01  2.8284e-01
   52 -0.007383  1.20141e+00  3.4564e-01
   53 -0.007286  1.06886e+00  3.3300e-01
   54 -0.007189  9.32136e-01  3.1454e-01
   55 -0.007092  7.42372e-01  2.7765e-01
   56 -0.006995  9.35516e-01  3.0233e-01
   57 -0.006898  1.31521e+00  3.4029e-01
   58 -0.006800  1.51564e+00  3.4240e-01
   59 -0.006703  8.58172e-01  2.4413e-01
   60 -0.006606  7.76041e-01  2.3106e-01
   61 -0.006509  9.07108e-01  2.6325e-01
   62 -0.006412  1.33475e+00  3.4835e-01
   63 -0.006315  1.38496e+00  3.8018e-01
   64 -0.006218  8.19103e-01  3.0260e-01
   65 -0.006120  7.42173e-01  2.8967e-01
   66 -0.006023  1.58618e+00  4.0850e-01
   67 -0.005926  7.49381e-01  2.6183e-01
   68 -0.005829  1.03107e+00  2.7492e-01
   69 -0.005732  1.34198e+00  3.0180e-01
   70 -0.005635  1.26091e+00  3.0963e-01
   71 -0.005538  1.25760e+00  3.2717e-01
   72 -0.005440  1.42138e+00  3.5840e-01
   73 -0.005343  1.23509e+00  3.3961e-01
   74 -0.005246  1.25198e+00  3.3776e-01
   75 -0.005149  6.95697e-01  2.5002e-01
   76 -0.005052  1.64037e+00  3.8316e-01
   77 -0.004955  1.10727e+00  3.1557e-01
   78 -0.004857  1.04075e+00  3.0416e-01
   79 -0.004760  1.00622e+00  2.9213e-01
   80 -0.004663  1.08185e+00  2.8900e-01
   81 -0.004566  9.42916e-01  2.5865e-01
   82 -0.004469  1.28142e+00  3.0665e-01
   83 -0.004372  8.89734e-01  2.7507e-01
   84 -0.004275  9.72320e-01  3.0734e-01
   85 -0.004177  8.54583e-01  2.9729e-01
   86 -0.004080  1.33858e+00  3.7123e-01
   87 -0.003983  1.29280e+00  3.4902e-01
   88 -0.003886  1.57612e+00  3.5410e-01
   89 -0.003789  1.59178e+00  3.3404e-01
   90 -0.003692  1.35328e+00  3.1456e-01
   91 -0.003595  1.75968e+00  3.7728e-01
   92 -0.003497  8.90812e-01  2.7662e-01
   93 -0.003400  1.35596e+00  3.4844e-01
   94 -0.003303  1.69251e+00  3.8998e-01
   95 -0.003206  1.43418e+00  3.4743e-01
   96 -0.003109  1.15831e+00  2.9932e-01
   97 -0.003012  1.94994e+00  3.9403e-01
   98 -0.002914  1.79587e+00  3.9958e-01
   99 -0.002817  1.81478e+00  4.1459e-01
  100 -0.002720  1.85998e+00  4.1606e-01
  101 -0.002623  1.30488e+00  3.3557e-01
  102 -0.002526  1.98513e+00  3.8982e-01
  103 -0.002429  1.43872e+00  3.1404e-01
  104 -0.002332  1.79700e+00  3.5202e-01
  105 -0.002234  1.84963e+00  3.7764e-01
  106 -0.002137  2.05710e+00  4.2092e-01
  107 -0.002040  2.48425e+00  4.7757e-01
  108 -0.001943  2.39072e+00  4.6732e-01
  109 -0.001846  2.14458e+00  4.2995e-01
  110 -0.001749  1.58271e+00  3.5950e-01
  111 -0.001652  2.91797e+00  4.8963e-01
  112 -0.001554  1.88493e+00  4.0053e-01
  113 -0.001457  2.82075e+00  4.9103e-01
  114 -0.001360  2.60066e+00  4.6728e-01
  115 -0.001263  2.63790e+00  4.5925e-01
  116 -0.001166  2.56091e+00  4.3876e-01
  117 -0.001069  4.11620e+00  5.4665e-01
  118 -0.000971  3.75900e+00  5.3562e-01
  119 -0.000874  3.93268e+00  5.8019e-01
  120 -0.000777  6.20251e+00  7.6399e-01
  121 -0.000680  5.12348e+00  7.0249e-01
  122 -0.000583  7.78045e+00  8.6025e-01
  123 -0.000486  8.74397e+00  8.8258e-01
  124 -0.000389  1.30850e+01  1.0162e+00
  125 -0.000291  1.83245e+01  1.1390e+00
  126 -0.000194  2.92714e+01  1.4221e+00
  127 -0.000097  4.06248e+01  1.7113e+00
  128  0.000000  5.13187e+01  1.9968e+00
  129  0.000097  6.43423e+01  2.2962e+00
  130  0.000194  7.61575e+01  2.5305e+00
  131  0.000291  8.35135e+01  2.6724e+00
  132  0.000389  9.14232e+01  2.8769e+00
  133  0.000486  9.33662e+01  2.9503e+00
  134  0.000583  9.83266e+01  2.9407e+00
  135  0.000680  9.30258e+01  2.7117e+00
  136  0.000777  9.37108e+01  2.5738e+00
  137  0.000874  8.93664e+01  2.4997e+00
  138  0.000971  8.96254e+01  2.6079e+00
  139  0.001069  8.56107e+01  2.6980e+00
  140  0.001166  7.86614e+01  2.6957e+00
  141  0.001263  7.33701e+01  2.6470e+00
  142  0.001360  6.76467e+01  2.5201e+00
  143  0.001457  6.20741e+01  2.3551e+00
  144  0.001554  5.64794e+01  2.1873e+00
  145  0.001652  4.83277e+01  1.9925e+00
  146  0.001749  4.64829e+01  1.9174e+00
  147  0.001846  3.76490e+01  1.7145e+00
  148  0.001943  2.86603e+01  1.5186e+00
  149  0.002040  2.35396e+01  1.4060e+00
  150  0.002137  1.67569e+01  1.2064e+00
  151  0.002234  1.43356e+01  1.1355e+00
  152  0.002332  1.21801e+01  1.0703e+00
  153  0.002429  8.48105e+00  9.0040e-01
  154  0.002526  5.98290e+00  7.4879e-01
  155  0.002623  5.39423e+00  6.9564e-01
  156  0.002720  5.06936e+00  6.5920e-01
  157  0.002817  4.09024e+00  5.8395e-01
  158  0.002914  3.76354e+00  5.6368e-01
  159  0.003012  3.25613e+00  5.3538e-01
  160  0.003109  2.74105e+00  4.9974e-01
  161  0.003206  2.85495e+00  5.1313e-01
  162  0.003303  2.56247e+00  4.8143e-01
  163  0.003400  2.98820e+00  5.1547e-01
  164  0.003497  2.57504e+00  4.7953e-01
  165  0.003595  2.36894e+00  4.6514e-01
  166  0.003692  2.20715e+00  4.5042e-01
  167  0.003789  2.04786e+00  4.3378e-01
  168  0.003886  2.51470e+00  4.8029e-01
  169  0.003983  1.44437e+00  3.6397e-01
  170  0.004080  2.34718e+00  4.6316e-01
  171  0.004177  1.88207e+00  4.2254e-01
  172  0.004275  1.67916e+00  4.1144e-01
  173  0.004372  1.50344e+00  3.9856e-01
  174  0.004469  1.40112e+00  3.8643e-01
  175  0.004566  1.91776e+00  4.4429e-01
  176  0.004663  1.67193e+00  3.9928e-01
  177  0.004760  1.38766e+00  3.4625e-01
  178  0.004857  1.45558e+00  3.4294e-01
  179  0.004955  2.09560e+00  4.1794e-01
  180  0.005052  9.21131e-01  2.9373e-01
  181  0.005149  1.81746e+00  4.3722e-01
  182  0.005246  1.85824e+00  4.5557e-01
  183  0.005343  1.47652e+00  4.1108e-01
  184  0.005440  1.87025e+00  4.6336e-01
  185  0.005538  2.29330e+00  5.1485e-01
  186  0.005635  1.48934e+00  4.1854e-01
  187  0.005732  9.90550e-01  3.4377e-01
  188  0.005829  1.98603e+00  4.8414e-01
  189  0.005926  1.14397e+00  3.5726e-01
  190  0.006023  1.55612e+00  3.9999e-01
  191  0.006120  1.51064e+00  3.7824e-01
  192  0.006218  1.16894e+00  3.2943e-01
  193  0.006315  1.94787e+00  4.3369e-01
  194  0.006412  1.32482e+00  3.7112e-01
  195  0.006509  7.35674e-01  2.8328e-01
  196  0.006606  1.63739e+00  4.2546e-01
  197  0.006703  1.54253e+00  4.1311e-01
  198  0.006800  1.05634e+00  3.4111e-01
  199  0.006898  1.21604e+00  3.6774e-01
  200  0.006995  1.08045e+00  3.5169e-01
  201  0.007092  1.65510e+00  4.4809e-01
  202  0.007189  8.03339e-01  3.1998e-01
  203  0.007286  1.54747e+00  4.5080e-01
  204  0.007383  1.14753e+00  3.8731e-01
  205  0.007481  9.44666e-01  3.4749e-01
  206  0.007578  1.58478e+00  4.4073e-01
  207  0.007675  1.25600e+00  3.7993e-01
  208  0.007772  9.76730e-01  3.1515e-01
  209  0.007869  6.73868e-01  2.4757e-01
  210  0.007966  1.31515e+00  3.6467e-01
  211  0.008063  9.78321e-01  3.4575e-01
  212  0.008161  1.20614e+00  4.0190e-01
  213  0.008258  1.42518e+00  4.4675e-01
  214  0.008355  1.56552e+00  4.7442e-01
  215  0.008452  8.98989e-01  3.6316e-01
  216  0.008549  1.40449e+00  4.5475e-01
  217  0.008646  1.91611e+00  5.2540e-01
  218  0.008743  1.15893e+00  4.0065e-01
  219  0.008841  1.58775e+00  4.5994e-01
  220  0.008938  8.45952e-01  3.3051e-01
  221  0.009035  9.22789e-01  3.4867e-01
  222  0.009132  8.30823e-01  3.3906e-01
  223  0.009229  8.72835e-01  3.4157e-01
  224  0.009326  6.00171e-01  2.6945e-01
  225  0.009424  9.63985e-01  3.2831e-01
  226  0.009521  1.22354e+00  3.9066e-01
  227  0.009618  1.28286e+00  4.3725e-01
  228  0.009715  2.07759e+00  5.8762e-01
  229  0.009812  2.42092e+00  6.5406e-01
  230  0.009909  1.12733e+00  4.5255e-01
  231  0.010006  1.11957e+00  4.4559e-01
  232  0.010104  1.09817e+00  4.1799e-01
  233  0.010201  8.52283e-01  3.3348e-01
  234  0.010298  1.51244e+00  3.9517e-01
  235  0.010395  1.67515e+00  3.8486e-01
  236  0.010492  1.07734e+00  3.2008e-01
  237  0.010589  1.24323e+00  3.8634e-01
  238  0.010686  7.43340e-01  3.1233e-01
  239  0.010784  1.27343e+00  4.2690e-01
  240  0.010881  1.59099e+00  5.2384e-01
  241  0.010978  1.31288e+00  4.8835e-01
  242  0.011075  1.48177e+00  5.2751e-01
  243  0.011172  1.40478e+00  5.2661e-01
  244  0.011269  9.92237e-01  4.4356e-01
  245  0.011366  6.33384e-01  3.3987e-01
  246  0.011464  1.53104e+00  4.9435e-01
  247  0.011561  1.15544e+00  4.1295e-01
  248  0.011658  8.48943e-01  3.3981e-01
  249  0.011755  1.00994e+00  3.3941e-01
  250  0.011852  1.63611e+00  3.7167e-01
  251  0.011949  1.20863e+00  2.7819e-01
  252  0.012047  1.57634e+00  2.7590e-01
  253  0.012144  1.79575e+00  2.5981e-01
  254  0.012241  1.23444e+00  1.9380e-01
  255  0.012338  1.34434e+00  1.6241e-01
  258    1    2    0    0    0    0  255
 TiCrHx 350K  # experiment title
  91.00   2.080  0.0000  350.000   0.0 0
                  0.0971  0.0000  0.0000
    1 -0.012338  7.30275e-01  3.1102e-01
    2 -0.012241  8.05792e-01  8.4082e-02
    3 -0.012144  8.91860e-01  1.0752e-01
    4 -0.012047  9.68466e-01  1.4393e-01
    5 -0.011949  7.76648e-01  1.5620e-01
    6 -0.011852  7.39082e-01  1.7355e-01
    7 -0.011755  8.57282e-01  1.8579e-01
    8 -0.011658  6.30666e-01  1.6799e-01
    9 -0.011561  7.48845e-01  2.0009e-01
   10 -0.011464  6.06348e-01  1.7288e-01
   11 -0.011366  5.52046e-01  1.3974e-01
   12 -0.011269  7.50693e-01  1.4516e-01
   13 -0.011172  9.25799e-01  1.9614e-01
   14 -0.011075  8.19077e-01  2.0603e-01
   15 -0.010978  6.40164e-01  1.8734e-01
   16 -0.010881  5.51212e-01  1.9094e-01
   17 -0.010784  7.24741e-01  2.3709e-01
   18 -0.010686  1.01667e+00  2.8068e-01
   19 -0.010589  1.03642e+00  2.5992e-01
   20 -0.010492  1.03364e+00  2.2724e-01
   21 -0.010395  5.90126e-01  1.6321e-01
   22 -0.010298  8.44034e-01  2.0311e-01
   23 -0.010201  6.25223e-01  1.9170e-01
   24 -0.010104  9.37181e-01  2.5815e-01
   25 -0.010006  6.23782e-01  2.2589e-01
   26 -0.009909  7.77194e-01  2.6029e-01
   27 -0.009812  1.05374e+00  3.0423e-01
   28 -0.009715  1.05903e+00  3.0059e-01
   29 -0.009618  9.08298e-01  2.7152e-01
   30 -0.009521  1.15864e+00  2.9116e-01
   31 -0.009424  1.02606e+00  2.5190e-01
   32 -0.009326  1.03415e+00  2.3750e-01
   33 -0.009229  1.26302e+00  2.7091e-01
   34 -0.009132  6.61717e-01  2.0756e-01
   35 -0.009035  8.85851e-01  2.4926e-01
   36 -0.008938  5.66847e-01  2.0268e-01
   37 -0.008841  7.70092e-01  2.3706e-01
   38 -0.008743  6.67897e-01  2.1824e-01
   39 -0.008646  1.11302e+00  2.7643e-01
   40 -0.008549  1.21613e+00  2.8722e-01
   41 -0.008452  1.01458e+00  2.7185e-01
   42 -0.008355  1.01527e+00  2.8396e-01
   43 -0.008258  1.43231e+00  3.4487e-01
   44 -0.008161  1.52277e+00  3.5469e-01
   45 -0.008063  1.00934e+00  2.8175e-01
   46 -0.007966  7.37248e-01  2.2913e-01
   47 -0.007869  7.36633e-01  2.1473e-01
   48 -0.007772  8.96679e-01  2.2902e-01
   49 -0.007675  9.06131e-01  2.3450e-01
   50 -0.007578  7.57889e-01  2.2528e-01
   51 -0.007481  8.51825e-01  2.4984e-01
   52 -0.007383  1.16551e+00  3.0082e-01
   53 -0.007286  9.09891e-01  2.7149e-01
   54 -0.007189  1.33262e+00  3.3232e-01
   55 -0.007092  9.67746e-01  2.8012e-01
   56 -0.006995  9.92286e-01  2.7513e-01
   57 -0.006898  9.33966e-01  2.5339e-01
   58 -0.006800  7.46494e-01  2.1234e-01
   59 -0.006703  8.75577e-01  2.1790e-01
   60 -0.006606  9.92067e-01  2.3085e-01
   61 -0.006509  1.14213e+00  2.6102e-01
   62 -0.006412  7.95642e-01  2.3765e-01
   63 -0.006315  1.59904e+00  3.6098e-01
   64 -0.006218  9.94788e-01  2.9467e-01
   65 -0.006120  6.40847e-01  2.3785e-01
   66 -0.006023  9.03983e-01  2.7250e-01
   67 -0.005926  1.26028e+00  3.0004e-01
   68 -0.005829  9.02856e-01  2.2732e-01
   69 -0.005732  6.64602e-01  1.8767e-01
   70 -0.005635  9.89181e-01  2.4233e-01
   71 -0.005538  1.50316e+00  3.1607e-01
   72 -0.005440  6.32267e-01  2.1122e-01
   73 -0.005343  7.82462e-01  2.3885e-01
   74 -0.005246  1.18726e+00  2.9065e-01
   75 -0.005149  7.42973e-01  2.2832e-01
   76 -0.005052  1.29921e+00  3.0131e-01
   77 -0.004955  1.20158e+00  2.9048e-01
   78 -0.004857  1.10427e+00  2.7685e-01
   79 -0.004760  5.52901e-01  1.9135e-01
   80 -0.004663  9.47565e-01  2.3900e-01
   81 -0.004566  1.15102e+00  2.5252e-01
   82 -0.004469  8.62909e-01  2.2236e-01
   83 -0.004372  1.06921e+00  2.6645e-01
   84 -0.004275  1.49828e+00  3.3713e-01
   85 -0.004177  1.13537e+00  3.0280e-01
   86 -0.004080  7.64706e-01  2.4793e-01
   87 -0.003983  9.47876e-01  2.6408e-01
   88 -0.003886  1.18307e+00  2.7109e-01
   89 -0.003789  1.41090e+00  2.7790e-01
   90 -0.003692  7.55709e-01  2.0771e-01
   91 -0.003595  1.00862e+00  2.5239e-01
   92 -0.003497  1.78293e+00  3.4582e-01
   93 -0.003400  1.13922e+00  2.8222e-01
   94 -0.003303  1.67066e+00  3.4238e-01
   95 -0.003206  1.06322e+00  2.6433e-01
   96 -0.003109  1.28043e+00  2.7809e-01
   97 -0.003012  1.83712e+00  3.3796e-01
   98 -0.002914  2.35551e+00  4.0438e-01
   99 -0.002817  1.64979e+00  3.4930e-01
  100 -0.002720  1.68231e+00  3.4965e-01
  101 -0.002623  1.68345e+00  3.3681e-01
  102 -0.002526  2.83604e+00  4.1173e-01
  103 -0.002429  2.19739e+00  3.4295e-01
  104 -0.002332  1.99761e+00  3.2796e-01
  105 -0.002234  2.34406e+00  3.7566e-01
  106 -0.002137  2.16568e+00  3.8164e-01
  107 -0.002040  2.72712e+00  4.4216e-01
  108 -0.001943  3.34275e+00  4.8830e-01
  109 -0.001846  3.22390e+00  4.6583e-01
  110 -0.001749  3.24523e+00  4.5490e-01
  111 -0.001652  3.40692e+00  4.6751e-01
  112 -0.001554  3.20276e+00  4.6136e-01
  113 -0.001457  3.92912e+00  5.1211e-01
  114 -0.001360  4.38952e+00  5.3646e-01
  115 -0.001263  5.60956e+00  5.9181e-01
  116 -0.001166  4.93269e+00  5.3811e-01
  117 -0.001069  8.20920e+00  6.8223e-01
  118 -0.000971  1.01896e+01  7.7935e-01
  119 -0.000874  1.22266e+01  9.0411e-01
  120 -0.000777  1.93053e+01  1.1913e+00
  121 -0.000680  2.93080e+01  1.4853e+00
  122 -0.000583  4.29953e+01  1.7881e+00
  123 -0.000486  7.19052e+01  2.2391e+00
  124 -0.000389  1.11309e+02  2.6238e+00
  125 -0.000291  1.63273e+02  3.0123e+00
  126 -0.000194  2.13333e+02  3.4041e+00
  127 -0.000097  2.53816e+02  3.7949e+00
  128  0.000000  2.80955e+02  4.1463e+00
  129  0.000097  2.85312e+02  4.2906e+00
  130  0.000194  2.50452e+02  4.0688e+00
  131  0.000291  2.06201e+02  3.7200e+00
  132  0.000389  1.63632e+02  3.4066e+00
  133  0.000486  1.33284e+02  3.1182e+00
  134  0.000583  1.00395e+02  2.6268e+00
  135  0.000680  6.07718e+01  1.9363e+00
  136  0.000777  3.87373e+01  1.4613e+00
  137  0.000874  2.05093e+01  1.0572e+00
  138  0.000971  1.20589e+01  8.4442e-01
  139  0.001069  1.11568e+01  8.5977e-01
  140  0.001166  9.00198e+00  8.0504e-01
  141  0.001263  8.51102e+00  7.9595e-01
  142  0.001360  8.56036e+00  7.9152e-01
  143  0.001457  8.42531e+00  7.6614e-01
  144  0.001554  8.22599e+00  7.3714e-01
  145  0.001652  9.21747e+00  7.6853e-01
  146  0.001749  8.40718e+00  7.2019e-01
  147  0.001846  8.32020e+00  7.1194e-01
  148  0.001943  7.42933e+00  6.8302e-01
  149  0.002040  7.72818e+00  7.1171e-01
  150  0.002137  7.42763e+00  7.0968e-01
  151  0.002234  6.77808e+00  6.8990e-01
  152  0.002332  5.38326e+00  6.2869e-01
  153  0.002429  5.84035e+00  6.6024e-01
  154  0.002526  4.40673e+00  5.6785e-01
  155  0.002623  4.19080e+00  5.4180e-01
  156  0.002720  3.18907e+00  4.6200e-01
  157  0.002817  1.68145e+00  3.3083e-01
  158  0.002914  2.88867e+00  4.3638e-01
  159  0.003012  2.63720e+00  4.2576e-01
  160  0.003109  1.58644e+00  3.3594e-01
  161  0.003206  2.15194e+00  3.9366e-01
  162  0.003303  1.92239e+00  3.6847e-01
  163  0.003400  2.33975e+00  4.0305e-01
  164  0.003497  1.33061e+00  3.0459e-01
  165  0.003595  1.64375e+00  3.4237e-01
  166  0.003692  1.62700e+00  3.4172e-01
  167  0.003789  1.08497e+00  2.7900e-01
  168  0.003886  1.01207e+00  2.6924e-01
  169  0.003983  1.14661e+00  2.8655e-01
  170  0.004080  1.02101e+00  2.6992e-01
  171  0.004177  1.57624e+00  3.4169e-01
  172  0.004275  8.73034e-01  2.6215e-01
  173  0.004372  8.51470e-01  2.6504e-01
  174  0.004469  1.33623e+00  3.3346e-01
  175  0.004566  1.29442e+00  3.2254e-01
  176  0.004663  1.29438e+00  3.1044e-01
  177  0.004760  8.01950e-01  2.3259e-01
  178  0.004857  1.18077e+00  2.7293e-01
  179  0.004955  9.01931e-01  2.4228e-01
  180  0.005052  1.15177e+00  2.9024e-01
  181  0.005149  9.12507e-01  2.7375e-01
  182  0.005246  1.06126e+00  3.0422e-01
  183  0.005343  1.05838e+00  3.0754e-01
  184  0.005440  8.76788e-01  2.8034e-01
  185  0.005538  8.87170e-01  2.8296e-01
  186  0.005635  7.28606e-01  2.5868e-01
  187  0.005732  2.08318e+00  4.4053e-01
  188  0.005829  1.20953e+00  3.3385e-01
  189  0.005926  1.06726e+00  3.0492e-01
  190  0.006023  1.02443e+00  2.8677e-01
  191  0.006120  9.01920e-01  2.5825e-01
  192  0.006218  8.56557e-01  2.4918e-01
  193  0.006315  6.18483e-01  2.1594e-01
  194  0.006412  1.10492e+00  2.9949e-01
  195  0.006509  6.30931e-01  2.3181e-01
  196  0.006606  1.24263e+00  3.2751e-01
  197  0.006703  1.03068e+00  2.9839e-01
  198  0.006800  6.12649e-01  2.2955e-01
  199  0.006898  1.71352e+00  3.8574e-01
  200  0.006995  6.96482e-01  2.4951e-01
  201  0.007092  1.28774e+00  3.4925e-01
  202  0.007189  1.62688e+00  4.0238e-01
  203  0.007286  8.85143e-01  3.0126e-01
  204  0.007383  1.26400e+00  3.5920e-01
  205  0.007481  9.83414e-01  3.1329e-01
  206  0.007578  1.13395e+00  3.2943e-01
  207  0.007675  7.96474e-01  2.6734e-01
  208  0.007772  1.36971e+00  3.2978e-01
  209  0.007869  3.41156e-01  1.5566e-01
  210  0.007966  6.24347e-01  2.2202e-01
  211  0.008063  1.48020e+00  3.7580e-01
  212  0.008161  1.27207e+00  3.6472e-01
  213  0.008258  8.14179e-01  2.9837e-01
  214  0.008355  1.48608e+00  4.0844e-01
  215  0.008452  1.15619e+00  3.6393e-01
  216  0.008549  1.07603e+00  3.5172e-01
  217  0.008646  1.14826e+00  3.5939e-01
  218  0.008743  8.15762e-01  2.9703e-01
  219  0.008841  1.03160e+00  3.2759e-01
  220  0.008938  7.70039e-01  2.7864e-01
  221  0.009035  6.17692e-01  2.5207e-01
  222  0.009132  1.03367e+00  3.3418e-01
  223  0.009229  1.23335e+00  3.5878e-01
  224  0.009326  1.05247e+00  3.1531e-01
  225  0.009424  5.57578e-01  2.2064e-01
  226  0.009521  8.36653e-01  2.8546e-01
  227  0.009618  1.01346e+00  3.4341e-01
  228  0.009715  8.05253e-01  3.2326e-01
  229  0.009812  1.14502e+00  3.9747e-01
  230  0.009909  4.68968e-01  2.5792e-01
  231  0.010006  4.87355e-01  2.5978e-01
  232  0.010104  1.40110e+00  4.1720e-01
  233  0.010201  6.75624e-01  2.6236e-01
  234  0.010298  9.93590e-01  2.8302e-01
  235  0.010395  9.45099e-01  2.5544e-01
  236  0.010492  1.09022e+00  2.8452e-01
  237  0.010589  9.68281e-01  3.0128e-01
  238  0.010686  7.85714e-01  2.8374e-01
  239  0.010784  1.35468e+00  3.8907e-01
  240  0.010881  7.49639e-01  3.1773e-01
  241  0.010978  1.87479e+00  5.1568e-01
  242  0.011075  1.25296e+00  4.2863e-01
  243  0.011172  7.88548e-01  3.4863e-01
  244  0.011269  9.17725e-01  3.7695e-01
  245  0.011366  1.26595e+00  4.2459e-01
  246  0.011464  1.25500e+00  3.9549e-01
  247  0.011561  2.08706e+00  4.9043e-01
  248  0.011658  4.46047e-01  2.1765e-01
  249  0.011755  8.59258e-01  2.7664e-01
  250  0.011852  8.06132e-01  2.3053e-01
  251  0.011949  1.02071e+00  2.2590e-01
  252  0.012047  5.27500e-01  1.4103e-01
  253  0.012144  1.09390e+00  1.7918e-01
  254  0.012241  1.15697e+00  1.6579e-01
  255  0.012338  1.06124e+00  1.2751e-01
  258    1    2    0    0    0    0  255
 TiCrHx 350K  # experiment title
 111.00   2.080  0.0000  350.000   0.0 0
                  0.0971  0.0000  0.0000
    1 -0.012338  7.66046e-01  3.3396e-01
    2 -0.012241  7.31412e-01  8.3984e-02
    3 -0.012144  8.39481e-01  1.0936e-01
    4 -0.012047  5.22851e-01  1.1087e-01
    5 -0.011949  5.87394e-01  1.4241e-01
    6 -0.011852  7.10418e-01  1.7838e-01
    7 -0.011755  7.91490e-01  1.8715e-01
    8 -0.011658  6.45733e-01  1.7822e-01
    9 -0.011561  7.12423e-01  2.0461e-01
   10 -0.011464  8.44568e-01  2.1391e-01
   11 -0.011366  9.47778e-01  1.9196e-01
   12 -0.011269  9.10707e-01  1.6762e-01
   13 -0.011172  8.75518e-01  1.9997e-01
   14 -0.011075  1.00147e+00  2.3885e-01
   15 -0.010978  1.09225e+00  2.5655e-01
   16 -0.010881  5.82601e-01  2.0581e-01
   17 -0.010784  5.68843e-01  2.2021e-01
   18 -0.010686  8.79958e-01  2.7377e-01
   19 -0.010589  8.52192e-01  2.4710e-01
   20 -0.010492  7.45459e-01  2.0232e-01
   21 -0.010395  6.84425e-01  1.8427e-01
   22 -0.010298  6.39582e-01  1.8536e-01
   23 -0.010201  6.97845e-01  2.1233e-01
   24 -0.010104  7.60881e-01  2.4386e-01
   25 -0.010006  7.56366e-01  2.6077e-01
   26 -0.009909  6.61370e-01  2.5173e-01
   27 -0.009812  4.82893e-01  2.1591e-01
   28 -0.009715  9.94595e-01  3.0540e-01
   29 -0.009618  7.94795e-01  2.6628e-01
   30 -0.009521  6.02559e-01  2.2013e-01
   31 -0.009424  8.93019e-01  2.4638e-01
   32 -0.009326  8.19906e-01  2.2170e-01
   33 -0.009229  1.33313e+00  2.9179e-01
   34 -0.009132  7.31934e-01  2.2885e-01
   35 -0.009035  8.75642e-01  2.5981e-01
   36 -0.008938  1.10149e+00  2.9621e-01
   37 -0.008841  8.17561e-01  2.5608e-01
   38 -0.008743  5.91492e-01  2.1531e-01
   39 -0.008646  5.28531e-01  1.9971e-01
   40 -0.008549  6.71328e-01  2.2373e-01
   41 -0.008452  9.88593e-01  2.8133e-01
   42 -0.008355  1.25011e+00  3.3034e-01
   43 -0.008258  8.98070e-01  2.8630e-01
   44 -0.008161  1.10571e+00  3.1686e-01
   45 -0.008063  1.21791e+00  3.2447e-01
   46 -0.007966  8.80762e-01  2.6256e-01
   47 -0.007869  8.50514e-01  2.4189e-01
   48 -0.007772  1.08357e+00  2.6395e-01
   49 -0.007675  1.06301e+00  2.6628e-01
   50 -0.007578  8.10980e-01  2.4431e-01
   51 -0.007481  1.21529e+00  3.1286e-01
   52 -0.007383  7.35423e-01  2.5052e-01
   53 -0.007286  7.06236e-01  2.5075e-01
   54 -0.007189  8.40430e-01  2.7668e-01
   55 -0.007092  9.80754e-01  2.9564e-01
   56 -0.006995  6.41302e-01  2.3189e-01
   57 -0.006898  6.21143e-01  2.1664e-01
   58 -0.006800  1.10134e+00  2.7039e-01
   59 -0.006703  8.67757e-01  2.2742e-01
   60 -0.006606  9.17220e-01  2.3271e-01
   61 -0.006509  1.15045e+00  2.7464e-01
   62 -0.006412  8.42798e-01  2.5643e-01
   63 -0.006315  1.14193e+00  3.1981e-01
   64 -0.006218  5.94891e-01  2.3890e-01
   65 -0.006120  1.09222e+00  3.2555e-01
   66 -0.006023  1.25327e+00  3.3639e-01
   67 -0.005926  1.34924e+00  3.2547e-01
   68 -0.005829  8.66057e-01  2.3342e-01
   69 -0.005732  1.13810e+00  2.5747e-01
   70 -0.005635  9.48139e-01  2.4873e-01
   71 -0.005538  1.14040e+00  2.8862e-01
   72 -0.005440  8.66946e-01  2.5930e-01
   73 -0.005343  1.27424e+00  3.1956e-01
   74 -0.005246  1.05925e+00  2.8781e-01
   75 -0.005149  1.66430e+00  3.5826e-01
   76 -0.005052  1.22584e+00  3.0684e-01
   77 -0.004955  7.92061e-01  2.4725e-01
   78 -0.004857  1.48093e+00  3.3612e-01
   79 -0.004760  1.59203e+00  3.4041e-01
   80 -0.004663  1.15591e+00  2.7675e-01
   81 -0.004566  1.32616e+00  2.8416e-01
   82 -0.004469  1.22326e+00  2.7756e-01
   83 -0.004372  1.44410e+00  3.2465e-01
   84 -0.004275  1.27689e+00  3.2628e-01
   85 -0.004177  1.00698e+00  2.9896e-01
   86 -0.004080  1.11548e+00  3.1394e-01
   87 -0.003983  9.90457e-01  2.8301e-01
   88 -0.003886  1.33329e+00  3.0171e-01
   89 -0.003789  1.25721e+00  2.7502e-01
   90 -0.003692  1.00732e+00  2.5142e-01
   91 -0.003595  1.17350e+00  2.8542e-01
   92 -0.003497  1.40718e+00  3.2208e-01
   93 -0.003400  1.27288e+00  3.1275e-01
   94 -0.003303  1.51407e+00  3.4171e-01
   95 -0.003206  1.65496e+00  3.4575e-01
   96 -0.003109  2.69334e+00  4.2285e-01
   97 -0.003012  1.33550e+00  3.0209e-01
   98 -0.002914  1.30907e+00  3.1604e-01
   99 -0.002817  1.53565e+00  3.5331e-01
  100 -0.002720  1.58282e+00  3.5556e-01
  101 -0.002623  2.29512e+00  4.1230e-01
  102 -0.002526  2.03428e+00  3.6557e-01
  103 -0.002429  1.64539e+00  3.1112e-01
  104 -0.002332  1.88945e+00  3.3439e-01
  105 -0.002234  2.10565e+00  3.7327e-01
  106 -0.002137  2.23262e+00  4.0624e-01
  107 -0.002040  2.91722e+00  4.7944e-01
  108 -0.001943  2.36907e+00  4.3096e-01
  109 -0.001846  2.43006e+00  4.2399e-01
  110 -0.001749  2.66353e+00  4.3205e-01
  111 -0.001652  2.95840e+00  4.5672e-01
  112 -0.001554  3.87436e+00  5.3199e-01
  113 -0.001457  3.66031e+00  5.1819e-01
  114 -0.001360  3.39200e+00  4.9439e-01
  115 -0.001263  3.90987e+00  5.1797e-01
  116 -0.001166  4.13346e+00  5.1642e-01
  117 -0.001069  4.86023e+00  5.5030e-01
  118 -0.000971  6.59753e+00  6.5741e-01
  119 -0.000874  8.22911e+00  7.7755e-01
  120 -0.000777  1.11333e+01  9.4832e-01
  121 -0.000680  1.65229e+01  1.1689e+00
  122 -0.000583  2.39061e+01  1.3973e+00
  123 -0.000486  3.53837e+01  1.6455e+00
  124 -0.000389  5.39314e+01  1.9126e+00
  125 -0.000291  7.61350e+01  2.1529e+00
  126 -0.000194  1.09373e+02  2.5501e+00
  127 -0.000097  1.35464e+02  2.8998e+00
  128  0.000000  1.70221e+02  3.3759e+00
  129  0.000097  1.91149e+02  3.6746e+00
  130  0.000194  2.08847e+02  3.8911e+00
  131  0.000291  2.25317e+02  4.0767e+00
  132  0.000389  2.20700e+02  4.1504e+00
  133  0.000486  2.17478e+02  4.1807e+00
  134  0.000583  2.05564e+02  3.9468e+00
  135  0.000680  1.98156e+02  3.6734e+00
  136  0.000777  1.81105e+02  3.3201e+00
  137  0.000874  1.57569e+02  3.0790e+00
  138  0.000971  1.40620e+02  3.0294e+00
  139  0.001069  1.22179e+02  2.9882e+00
  140  0.001166  1.02140e+02  2.8472e+00
  141  0.001263  8.78198e+01  2.6839e+00
  142  0.001360  7.23392e+01  2.4148e+00
  143  0.001457  6.35039e+01  2.2071e+00
  144  0.001554  4.90163e+01  1.8877e+00
  145  0.001652  4.34933e+01  1.7512e+00
  146  0.001749  3.01392e+01  1.4301e+00
  147  0.001846  2.53907e+01  1.3042e+00
  148  0.001943  1.85190e+01  1.1307e+00
  149  0.002040  1.67037e+01  1.0971e+00
  150  0.002137  1.07483e+01  8.9506e-01
  151  0.002234  1.03730e+01  8.9481e-01
  152  0.002332  7.71693e+00  7.8917e-01
  153  0.002429  6.90740e+00  7.5277e-01
  154  0.002526  5.49109e+00  6.6456e-01
  155  0.002623  5.99592e+00  6.7944e-01
  156  0.002720  5.09208e+00  6.1206e-01
  157  0.002817  3.18095e+00  4.7707e-01
  158  0.002914  3.43383e+00  4.9880e-01
  159  0.003012  2.29822e+00  4.1668e-01
  160  0.003109  3.17503e+00  4.9827e-01
  161  0.003206  2.63943e+00  4.5707e-01
  162  0.003303  2.32256e+00  4.2461e-01
  163  0.003400  2.28831e+00  4.1788e-01
  164  0.003497  2.33826e+00  4.2332e-01
  165  0.003595  2.12557e+00  4.0817e-01
  166  0.003692  1.91821e+00  3.8900e-01
  167  0.003789  1.94486e+00  3.9162e-01
  168  0.003886  1.66033e+00  3.6154e-01
  169  0.003983  1.66028e+00  3.6150e-01
  170  0.004080  1.56638e+00  3.5051e-01
  171  0.004177  1.88756e+00  3.9201e-01
  172  0.004275  1.88185e+00  4.0351e-01
  173  0.004372  1.44758e+00  3.6230e-01
  174  0.004469  1.21116e+00  3.3284e-01
  175  0.004566  1.48203e+00  3.6183e-01
  176  0.004663  1.14250e+00  3.0577e-01
  177  0.004760  1.18333e+00  2.9621e-01
  178  0.004857  1.10995e+00  2.7743e-01
  179  0.004955  1.21293e+00  2.9456e-01
  180  0.005052  1.45589e+00  3.4210e-01
  181  0.005149  9.98472e-01  3.0021e-01
  182  0.005246  1.32203e+00  3.5598e-01
  183  0.005343  1.50095e+00  3.8396e-01
  184  0.005440  1.13890e+00  3.3497e-01
  185  0.005538  5.24691e-01  2.2813e-01
  186  0.005635  8.37750e-01  2.9080e-01
  187  0.005732  1.48246e+00  3.8960e-01
  188  0.005829  8.47352e-01  2.9295e-01
  189  0.005926  1.27499e+00  3.4940e-01
  190  0.006023  1.26403e+00  3.3397e-01
  191  0.006120  1.60145e+00  3.6078e-01
  192  0.006218  1.15012e+00  3.0272e-01
  193  0.006315  6.68872e-01  2.3543e-01
  194  0.006412  8.92862e-01  2.8224e-01
  195  0.006509  8.68289e-01  2.8510e-01
  196  0.006606  1.54493e+00  3.8285e-01
  197  0.006703  1.53000e+00  3.8115e-01
  198  0.006800  6.95082e-01  2.5633e-01
  199  0.006898  9.61832e-01  3.0298e-01
  200  0.006995  1.03889e+00  3.1948e-01
  201  0.007092  1.12261e+00  3.4187e-01
  202  0.007189  7.20949e-01  2.8082e-01
  203  0.007286  9.10932e-01  3.2041e-01
  204  0.007383  1.13124e+00  3.5625e-01
  205  0.007481  1.32556e+00  3.8134e-01
  206  0.007578  6.88269e-01  2.6907e-01
  207  0.007675  6.31244e-01  2.4952e-01
  208  0.007772  1.06527e+00  3.0491e-01
  209  0.007869  4.59965e-01  1.8949e-01
  210  0.007966  1.02790e+00  2.9866e-01
  211  0.008063  1.10193e+00  3.3993e-01
  212  0.008161  6.62007e-01  2.7583e-01
  213  0.008258  1.40244e+00  4.1055e-01
  214  0.008355  9.34812e-01  3.3962e-01
  215  0.008452  1.08951e+00  3.7038e-01
  216  0.008549  5.60781e-01  2.6620e-01
  217  0.008646  1.04699e+00  3.5978e-01
  218  0.008743  7.43971e-01  2.9738e-01
  219  0.008841  1.28996e+00  3.8405e-01
  220  0.008938  1.00790e+00  3.3421e-01
  221  0.009035  5.05281e-01  2.3901e-01
  222  0.009132  1.20664e+00  3.7854e-01
  223  0.009229  3.44130e-01  1.9868e-01
  224  0.009326  3.91335e-01  2.0157e-01
  225  0.009424  8.45749e-01  2.8489e-01
  226  0.009521  8.67551e-01  3.0474e-01
  227  0.009618  1.13921e+00  3.8171e-01
  228  0.009715  7.71194e-01  3.3166e-01
  229  0.009812  1.36452e+00  4.5489e-01
  230  0.009909  5.31481e-01  2.8786e-01
  231  0.010006  1.08168e+00  4.0575e-01
  232  0.010104  1.24371e+00  4.1209e-01
  233  0.010201  1.06164e+00  3.4480e-01
  234  0.010298  6.25697e-01  2.3546e-01
  235  0.010395  8.51848e-01  2.5424e-01
  236  0.010492  1.19217e+00  3.1193e-01
  237  0.010589  1.33756e+00  3.7124e-01
  238  0.010686  1.61582e+00  4.2659e-01
  239  0.010784  8.59963e-01  3.2499e-01
  240  0.010881  7.57010e-01  3.3474e-01
  241  0.010978  7.44903e-01  3.4077e-01
  242  0.011075  9.85550e-01  3.9854e-01
  243  0.011172  8.47722e-01  3.7897e-01
  244  0.011269  1.04116e+00  4.2092e-01
  245  0.011366  6.26645e-01  3.1318e-01
  246  0.011464  7.01628e-01  3.1002e-01
  247  0.011561  7.00305e-01  2.9783e-01
  248  0.011658  5.65252e-01  2.5687e-01
  249  0.011755  9.17285e-01  2.9966e-01
  250  0.011852  8.04986e-01  2.4151e-01
  251  0.011949  1.24386e+00  2.6144e-01
  252  0.012047  1.07885e+00  2.1144e-01
  253  0.012144  9.92541e-01  1.7893e-01
  254  0.012241  1.37296e+00  1.8935e-01
  255  0.012338  1.30509e+00  1.4824e-01
  258    1    2    0    0    0    0  255
 TiCrHx 350K  # experiment title
 131.00   2.080  0.0000  350.000   0.0 0
                  0.0971  0.0000  0.0000
    1 -0.012338  7.31479e-01  3.1156e-01
    2 -0.012241  8.58857e-01  8.6886e-02
    3 -0.012144  8.43024e-01  1.0463e-01
    4 -0.012047  6.50982e-01  1.1811e-01
    5 -0.011949  1.08743e+00  1.8499e-01
    6 -0.011852  8.41193e-01  1.8532e-01
    7 -0.011755  7.00909e-01  1.6814e-01
    8 -0.011658  8.12984e-01  1.9091e-01
    9 -0.011561  9.17414e-01  2.2167e-01
   10 -0.011464  7.99075e-01  1.9865e-01
   11 -0.011366  1.20175e+00  2.0637e-01
   12 -0.011269  9.09157e-01  1.5990e-01
   13 -0.011172  8.58575e-01  1.8906e-01
   14 -0.011075  9.23446e-01  2.1897e-01
   15 -0.010978  1.09306e+00  2.4503e-01
   16 -0.010881  1.16427e+00  2.7776e-01
   17 -0.010784  1.08862e+00  2.9084e-01
   18 -0.010686  1.10453e+00  2.9283e-01
   19 -0.010589  7.91324e-01  2.2733e-01
   20 -0.010492  1.12633e+00  2.3743e-01
   21 -0.010395  7.48556e-01  1.8399e-01
   22 -0.010298  1.00321e+00  2.2164e-01
   23 -0.010201  1.18143e+00  2.6376e-01
   24 -0.010104  7.91829e-01  2.3751e-01
   25 -0.010006  9.42275e-01  2.7788e-01
   26 -0.009909  4.47894e-01  1.9778e-01
   27 -0.009812  1.14395e+00  3.1727e-01
   28 -0.009715  9.66832e-01  2.8747e-01
   29 -0.009618  8.04525e-01  2.5578e-01
   30 -0.009521  1.20354e+00  2.9702e-01
   31 -0.009424  1.10715e+00  2.6191e-01
   32 -0.009326  1.09040e+00  2.4410e-01
   33 -0.009229  8.04547e-01  2.1641e-01
   34 -0.009132  9.27527e-01  2.4596e-01
   35 -0.009035  1.28964e+00  3.0102e-01
   36 -0.008938  1.10251e+00  2.8293e-01
   37 -0.008841  1.17742e+00  2.9339e-01
   38 -0.008743  5.52124e-01  1.9861e-01
   39 -0.008646  1.08243e+00  2.7286e-01
   40 -0.008549  1.38355e+00  3.0664e-01
   41 -0.008452  1.20940e+00  2.9708e-01
   42 -0.008355  1.14185e+00  3.0141e-01
   43 -0.008258  9.91667e-01  2.8722e-01
   44 -0.008161  1.29734e+00  3.2768e-01
   45 -0.008063  8.01682e-01  2.5133e-01
   46 -0.007966  1.11891e+00  2.8253e-01
   47 -0.007869  1.02411e+00  2.5341e-01
   48 -0.007772  1.15403e+00  2.6006e-01
   49 -0.007675  9.12789e-01  2.3558e-01
   50 -0.007578  6.15165e-01  2.0314e-01
   51 -0.007481  1.03957e+00  2.7626e-01
   52 -0.007383  1.00014e+00  2.7892e-01
   53 -0.007286  1.08597e+00  2.9687e-01
   54 -0.007189  1.13848e+00  3.0744e-01
   55 -0.007092  7.37752e-01  2.4480e-01
   56 -0.006995  5.79163e-01  2.1039e-01
   57 -0.006898  1.59002e+00  3.3093e-01
   58 -0.006800  8.12658e-01  2.2175e-01
   59 -0.006703  9.59732e-01  2.2834e-01
   60 -0.006606  1.36003e+00  2.7054e-01
   61 -0.006509  8.73765e-01  2.2851e-01
   62 -0.006412  1.08166e+00  2.7735e-01
   63 -0.006315  8.48876e-01  2.6325e-01
   64 -0.006218  5.30758e-01  2.1544e-01
   65 -0.006120  1.12252e+00  3.1509e-01
   66 -0.006023  9.51429e-01  2.7982e-01
   67 -0.005926  8.15680e-01  2.4160e-01
   68 -0.005829  1.23487e+00  2.6610e-01
   69 -0.005732  1.10350e+00  2.4205e-01
   70 -0.005635  7.06752e-01  2.0502e-01
   71 -0.005538  7.47810e-01  2.2313e-01
   72 -0.005440  1.16295e+00  2.8673e-01
   73 -0.005343  1.45787e+00  3.2633e-01
   74 -0.005246  1.14913e+00  2.8620e-01
   75 -0.005149  1.28078e+00  3.0005e-01
   76 -0.005052  1.32717e+00  3.0482e-01
   77 -0.004955  1.12629e+00  2.8149e-01
   78 -0.004857  8.45356e-01  2.4245e-01
   79 -0.004760  1.36476e+00  3.0091e-01
   80 -0.004663  1.03904e+00  2.5050e-01
   81 -0.004566  8.93747e-01  2.2271e-01
   82 -0.004469  1.24781e+00  2.6764e-01
   83 -0.004372  8.31759e-01  2.3523e-01
   84 -0.004275  1.54020e+00  3.4212e-01
   85 -0.004177  9.36226e-01  2.7521e-01
   86 -0.004080  7.42145e-01  2.4447e-01
   87 -0.003983  1.36203e+00  3.1685e-01
   88 -0.003886  1.25535e+00  2.7950e-01
   89 -0.003789  1.56567e+00  2.9301e-01
   90 -0.003692  1.67075e+00  3.0913e-01
   91 -0.003595  1.22185e+00  2.7805e-01
   92 -0.003497  1.52957e+00  3.2059e-01
   93 -0.003400  1.46730e+00  3.2058e-01
   94 -0.003303  1.41667e+00  3.1557e-01
   95 -0.003206  1.44734e+00  3.0869e-01
   96 -0.003109  1.70088e+00  3.2081e-01
   97 -0.003012  1.31076e+00  2.8573e-01
   98 -0.002914  1.39383e+00  3.1134e-01
   99 -0.002817  1.49110e+00  3.3238e-01
  100 -0.002720  1.95823e+00  3.7758e-01
  101 -0.002623  2.01352e+00  3.6869e-01
  102 -0.002526  1.85128e+00  3.3295e-01
  103 -0.002429  1.98252e+00  3.2605e-01
  104 -0.002332  2.00469e+00  3.2884e-01
  105 -0.002234  1.87216e+00  3.3603e-01
  106 -0.002137  2.53967e+00  4.1366e-01
  107 -0.002040  2.03666e+00  3.8245e-01
  108 -0.001943  2.62975e+00  4.3350e-01
  109 -0.001846  2.70384e+00  4.2699e-01
  110 -0.001749  2.93538e+00  4.3303e-01
  111 -0.001652  2.82517e+00  4.2611e-01
  112 -0.001554  3.33393e+00  4.7114e-01
  113 -0.001457  2.94958e+00  4.4410e-01
  114 -0.001360  3.85853e+00  5.0342e-01
  115 -0.001263  4.06769e+00  5.0440e-01
  116 -0.001166  4.99251e+00  5.4186e-01
  117 -0.001069  4.88772e+00  5.2687e-01
  118 -0.000971  6.61421e+00  6.2844e-01
  119 -0.000874  8.84709e+00  7.6973e-01
  120 -0.000777  1.25770e+01  9.6233e-01
  121 -0.000680  1.87486e+01  1.1889e+00
  122 -0.000583  2.64635e+01  1.4037e+00
  123 -0.000486  3.75310e+01  1.6181e+00
  124 -0.000389  5.69466e+01  1.8766e+00
  125 -0.000291  8.34877e+01  2.1529e+00
  126 -0.000194  1.11102e+02  2.4543e+00
  127 -0.000097  1.28275e+02  2.6942e+00
  128  0.000000  1.44835e+02  2.9724e+00
  129  0.000097  1.54358e+02  3.1514e+00
  130  0.000194  1.52772e+02  3.1751e+00
  131  0.000291  1.26864e+02  2.9164e+00
  132  0.000389  1.01027e+02  2.6761e+00
  133  0.000486  8.36715e+01  2.4707e+00
  134  0.000583  6.70926e+01  2.1481e+00
  135  0.000680  4.78198e+01  1.7188e+00
  136  0.000777  3.08818e+01  1.3058e+00
  137  0.000874  1.86734e+01  1.0097e+00
  138  0.000971  1.21752e+01  8.4926e-01
  139  0.001069  7.56285e+00  7.0847e-01
  140  0.001166  5.55163e+00  6.3275e-01
  141  0.001263  5.12985e+00  6.1847e-01
  142  0.001360  4.33353e+00  5.6364e-01
  143  0.001457  4.52086e+00  5.6168e-01
  144  0.001554  3.93755e+00  5.1042e-01
  145  0.001652  5.16805e+00  5.7595e-01
  146  0.001749  4.21679e+00  5.1048e-01
  147  0.001846  4.21444e+00  5.0712e-01
  148  0.001943  3.66558e+00  4.8017e-01
  149  0.002040  4.19471e+00  5.2479e-01
  150  0.002137  3.94809e+00  5.1785e-01
  151  0.002234  5.08050e+00  5.9782e-01
  152  0.002332  5.91794e+00  6.5978e-01
  153  0.002429  4.11410e+00  5.5463e-01
  154  0.002526  4.34428e+00  5.6433e-01
  155  0.002623  5.54195e+00  6.2364e-01
  156  0.002720  4.76849e+00  5.6547e-01
  157  0.002817  4.28725e+00  5.2878e-01
  158  0.002914  3.85429e+00  5.0453e-01
  159  0.003012  4.79673e+00  5.7474e-01
  160  0.003109  3.59509e+00  5.0620e-01
  161  0.003206  1.68902e+00  3.4907e-01
  162  0.003303  1.83878e+00  3.6070e-01
  163  0.003400  1.95412e+00  3.6868e-01
  164  0.003497  2.35124e+00  4.0527e-01
  165  0.003595  1.71835e+00  3.5038e-01
  166  0.003692  1.46952e+00  3.2506e-01
  167  0.003789  2.11580e+00  3.8997e-01
  168  0.003886  1.56791e+00  3.3542e-01
  169  0.003983  1.37261e+00  3.1381e-01
  170  0.004080  1.44267e+00  3.2115e-01
  171  0.004177  1.46591e+00  3.2982e-01
  172  0.004275  9.57590e-01  2.7480e-01
  173  0.004372  1.24827e+00  3.2120e-01
  174  0.004469  1.76741e+00  3.8386e-01
  175  0.004566  1.35500e+00  3.3030e-01
  176  0.004663  1.62765e+00  3.4843e-01
  177  0.004760  1.30138e+00  2.9657e-01
  178  0.004857  1.09767e+00  2.6339e-01
  179  0.004955  1.53283e+00  3.1614e-01
  180  0.005052  1.63250e+00  3.4586e-01
  181  0.005149  6.97537e-01  2.3956e-01
  182  0.005246  1.29214e+00  3.3599e-01
  183  0.005343  8.85755e-01  2.8160e-01
  184  0.005440  9.23441e-01  2.8797e-01
  185  0.005538  1.43685e+00  3.6043e-01
  186  0.005635  1.11513e+00  3.2032e-01
  187  0.005732  7.41684e-01  2.6309e-01
  188  0.005829  6.52348e-01  2.4540e-01
  189  0.005926  6.00871e-01  2.2900e-01
  190  0.006023  9.05066e-01  2.6979e-01
  191  0.006120  9.49668e-01  2.6524e-01
  192  0.006218  9.27914e-01  2.5959e-01
  193  0.006315  1.33619e+00  3.1769e-01
  194  0.006412  1.27534e+00  3.2205e-01
  195  0.006509  1.00148e+00  2.9233e-01
  196  0.006606  6.76631e-01  2.4189e-01
  197  0.006703  1.67221e+00  3.8043e-01
  198  0.006800  8.00203e-01  2.6258e-01
  199  0.006898  1.06950e+00  3.0502e-01
  200  0.006995  1.24843e+00  3.3436e-01
  201  0.007092  1.22792e+00  3.4136e-01
  202  0.007189  1.29721e+00  3.5963e-01
  203  0.007286  1.39302e+00  3.7829e-01
  204  0.007383  1.10982e+00  3.3688e-01
  205  0.007481  6.15751e-01  2.4813e-01
  206  0.007578  7.67512e-01  2.7127e-01
  207  0.007675  7.62539e-01  2.6183e-01
  208  0.007772  1.29576e+00  3.2105e-01
  209  0.007869  7.69500e-01  2.3399e-01
  210  0.007966  1.34561e+00  3.2624e-01
  211  0.008063  1.14028e+00  3.3014e-01
  212  0.008161  1.59797e+00  4.0915e-01
  213  0.008258  1.17726e+00  3.5912e-01
  214  0.008355  9.77075e-01  3.3149e-01
  215  0.008452  1.55754e+00  4.2279e-01
  216  0.008549  1.00636e+00  3.4046e-01
  217  0.008646  1.00576e-01  1.0646e-01
  218  0.008743  1.35097e+00  3.8260e-01
  219  0.008841  6.63743e-01  2.6301e-01
  220  0.008938  1.18503e+00  3.4598e-01
  221  0.009035  1.04057e+00  3.2747e-01
  222  0.009132  1.19117e+00  3.5907e-01
  223  0.009229  9.16892e-01  3.0963e-01
  224  0.009326  1.52805e+00  3.8028e-01
  225  0.009424  9.71065e-01  2.9144e-01
  226  0.009521  1.04335e+00  3.1906e-01
  227  0.009618  1.56409e+00  4.2702e-01
  228  0.009715  1.17087e+00  3.9016e-01
  229  0.009812  8.30260e-01  3.3877e-01
  230  0.009909  1.13798e+00  4.0214e-01
  231  0.010006  1.25948e+00  4.1800e-01
  232  0.010104  7.64470e-01  3.0845e-01
  233  0.010201  1.60731e+00  4.0505e-01
  234  0.010298  1.69720e+00  3.7024e-01
  235  0.010395  1.60180e+00  3.3285e-01
  236  0.010492  1.07604e+00  2.8292e-01
  237  0.010589  5.84137e-01  2.3422e-01
  238  0.010686  4.22404e-01  2.0823e-01
  239  0.010784  7.34568e-01  2.8676e-01
  240  0.010881  6.89957e-01  3.0510e-01
  241  0.010978  1.04334e+00  3.8504e-01
  242  0.011075  1.24296e+00  4.2730e-01
  243  0.011172  1.83679e+00  5.3259e-01
  244  0.011269  1.48037e+00  4.7919e-01
  245  0.011366  8.14349e-01  3.4085e-01
  246  0.011464  1.20566e+00  3.8799e-01
  247  0.011561  1.37266e+00  3.9809e-01
  248  0.011658  1.06458e+00  3.3656e-01
  249  0.011755  1.32834e+00  3.4428e-01
  250  0.011852  1.09435e+00  2.6884e-01
  251  0.011949  1.43537e+00  2.6813e-01
  252  0.012047  1.12940e+00  2.0655e-01
  253  0.012144  1.10327e+00  1.8011e-01
  254  0.012241  1.28058e+00  1.7458e-01
  255  0.012338  9.86718e-01  1.2306e-01
  258    1    2    0    0    0    0  255
 TiCrHx 350K  # experiment title
 151.00   2.080  0.0000  350.000   0.0 0
                  0.0971  0.0000  0.0000
    1 -0.012338  1.34648e+00  4.3936e-01
    2 -0.012241  1.45947e+00  1.1772e-01
    3 -0.012144  1.55664e+00  1.4778e-01
    4 -0.012047  1.50823e+00  1.8687e-01
    5 -0.011949  1.48359e+00  2.2459e-01
    6 -0.011852  1.55970e+00  2.6228e-01
    7 -0.011755  1.53316e+00  2.5848e-01
    8 -0.011658  1.86719e+00  3.0073e-01
    9 -0.011561  1.67359e+00  3.1119e-01
   10 -0.011464  1.53543e+00  2.8621e-01
   11 -0.011366  1.71287e+00  2.5608e-01
   12 -0.011269  1.87068e+00  2.3840e-01
   13 -0.011172  1.45196e+00  2.5555e-01
   14 -0.011075  1.67148e+00  3.0620e-01
   15 -0.010978  1.40615e+00  2.8886e-01
   16 -0.010881  1.77525e+00  3.5650e-01
   17 -0.010784  1.59599e+00  3.6603e-01
   18 -0.010686  1.35206e+00  3.3675e-01
   19 -0.010589  1.68624e+00  3.4492e-01
   20 -0.010492  1.91428e+00  3.2172e-01
   21 -0.010395  1.51887e+00  2.7240e-01
   22 -0.010298  1.64907e+00  2.9536e-01
   23 -0.010201  1.68492e+00  3.2740e-01
   24 -0.010104  1.26417e+00  3.1192e-01
   25 -0.010006  1.40800e+00  3.5306e-01
   26 -0.009909  1.45425e+00  3.7042e-01
   27 -0.009812  1.05568e+00  3.1679e-01
   28 -0.009715  2.07913e+00  4.3817e-01
   29 -0.009618  1.34345e+00  3.4354e-01
   30 -0.009521  2.20458e+00  4.1784e-01
   31 -0.009424  1.80183e+00  3.4728e-01
   32 -0.009326  1.56408e+00  3.0386e-01
   33 -0.009229  1.42368e+00  2.9922e-01
   34 -0.009132  1.17456e+00  2.8768e-01
   35 -0.009035  1.75251e+00  3.6473e-01
   36 -0.008938  1.82704e+00  3.7856e-01
   37 -0.008841  1.80378e+00  3.7745e-01
   38 -0.008743  1.76278e+00  3.6886e-01
   39 -0.008646  1.24289e+00  3.0390e-01
   40 -0.008549  1.54276e+00  3.3655e-01
   41 -0.008452  1.57779e+00  3.5268e-01
   42 -0.008355  1.36906e+00  3.4304e-01
   43 -0.008258  1.53670e+00  3.7163e-01
   44 -0.008161  1.68517e+00  3.8818e-01
   45 -0.008063  1.29912e+00  3.3254e-01
   46 -0.007966  1.69839e+00  3.6180e-01
   47 -0.007869  1.38916e+00  3.0677e-01
   48 -0.007772  1.50557e+00  3.0874e-01
   49 -0.007675  1.57777e+00  3.2192e-01
   50 -0.007578  1.21152e+00  2.9632e-01
   51 -0.007481  1.34323e+00  3.2639e-01
   52 -0.007383  1.59769e+00  3.6642e-01
   53 -0.007286  1.58581e+00  3.7287e-01
   54 -0.007189  1.19339e+00  3.2717e-01
   55 -0.007092  1.26094e+00  3.3265e-01
   56 -0.006995  1.06198e+00  2.9611e-01
   57 -0.006898  1.00021e+00  2.7280e-01
   58 -0.006800  1.63500e+00  3.2692e-01
   59 -0.006703  2.21087e+00  3.6023e-01
   60 -0.006606  1.77669e+00  3.2140e-01
   61 -0.006509  1.67067e+00  3.2842e-01
   62 -0.006412  1.55759e+00  3.4593e-01
   63 -0.006315  1.31806e+00  3.4095e-01
   64 -0.006218  1.07595e+00  3.1882e-01
   65 -0.006120  1.48744e+00  3.7699e-01
   66 -0.006023  1.44515e+00  3.5844e-01
   67 -0.005926  1.69659e+00  3.6217e-01
   68 -0.005829  1.81839e+00  3.3563e-01
   69 -0.005732  1.67104e+00  3.0959e-01
   70 -0.005635  2.07725e+00  3.6534e-01
   71 -0.005538  1.07797e+00  2.7845e-01
   72 -0.005440  8.15205e-01  2.4951e-01
   73 -0.005343  1.80385e+00  3.7729e-01
   74 -0.005246  1.71618e+00  3.6354e-01
   75 -0.005149  9.00092e-01  2.6144e-01
   76 -0.005052  1.82467e+00  3.7149e-01
   77 -0.004955  1.59738e+00  3.4844e-01
   78 -0.004857  1.49242e+00  3.3483e-01
   79 -0.004760  1.40469e+00  3.1730e-01
   80 -0.004663  2.11334e+00  3.7133e-01
   81 -0.004566  1.51678e+00  3.0157e-01
   82 -0.004469  1.71195e+00  3.2583e-01
   83 -0.004372  1.19936e+00  2.9359e-01
   84 -0.004275  1.94974e+00  4.0009e-01
   85 -0.004177  1.84030e+00  4.0106e-01
   86 -0.004080  2.08560e+00  4.2598e-01
   87 -0.003983  1.97256e+00  3.9633e-01
   88 -0.003886  9.15006e-01  2.4802e-01
   89 -0.003789  1.56114e+00  3.0411e-01
   90 -0.003692  1.33593e+00  2.8731e-01
   91 -0.003595  1.82611e+00  3.5331e-01
   92 -0.003497  1.73815e+00  3.5522e-01
   93 -0.003400  2.49816e+00  4.3479e-01
   94 -0.003303  1.85413e+00  3.7523e-01
   95 -0.003206  1.56049e+00  3.3315e-01
   96 -0.003109  2.17767e+00  3.7730e-01
   97 -0.003012  2.30188e+00  3.9356e-01
   98 -0.002914  1.88877e+00  3.7671e-01
   99 -0.002817  2.38673e+00  4.3708e-01
  100 -0.002720  1.60298e+00  3.5507e-01
  101 -0.002623  1.60146e+00  3.4175e-01
  102 -0.002526  2.38280e+00  3.9261e-01
  103 -0.002429  2.19253e+00  3.5639e-01
  104 -0.002332  2.23913e+00  3.6123e-01
  105 -0.002234  3.23220e+00  4.5892e-01
  106 -0.002137  2.26776e+00  4.0628e-01
  107 -0.002040  2.25012e+00  4.1782e-01
  108 -0.001943  1.57722e+00  3.4893e-01
  109 -0.001846  2.88569e+00  4.5849e-01
  110 -0.001749  2.47988e+00  4.1369e-01
  111 -0.001652  2.70278e+00  4.3319e-01
  112 -0.001554  2.37593e+00  4.1339e-01
  113 -0.001457  2.04796e+00  3.8462e-01
  114 -0.001360  1.99991e+00  3.7669e-01
  115 -0.001263  2.75576e+00  4.3151e-01
  116 -0.001166  2.22447e+00  3.7592e-01
  117 -0.001069  3.17110e+00  4.4108e-01
  118 -0.000971  2.85660e+00  4.2923e-01
  119 -0.000874  3.61367e+00  5.1127e-01
  120 -0.000777  4.61041e+00  6.0550e-01
  121 -0.000680  4.16046e+00  5.8194e-01
  122 -0.000583  5.62268e+00  6.7226e-01
  123 -0.000486  7.59577e+00  7.5620e-01
  124 -0.000389  1.01293e+01  8.2193e-01
  125 -0.000291  1.31564e+01  8.8717e-01
  126 -0.000194  1.84386e+01  1.0375e+00
  127 -0.000097  2.58715e+01  1.2553e+00
  128  0.000000  3.90989e+01  1.6021e+00
  129  0.000097  4.84394e+01  1.8313e+00
  130  0.000194  6.43653e+01  2.1385e+00
  131  0.000291  7.31709e+01  2.2997e+00
  132  0.000389  8.52807e+01  2.5546e+00
  133  0.000486  8.85577e+01  2.6418e+00
  134  0.000583  9.18378e+01  2.6130e+00
  135  0.000680  9.50275e+01  2.5201e+00
  136  0.000777  9.84085e+01  2.4254e+00
  137  0.000874  9.40870e+01  2.3585e+00
  138  0.000971  9.30883e+01  2.4440e+00
  139  0.001069  8.37820e+01  2.4540e+00
  140  0.001166  8.00736e+01  2.5008e+00
  141  0.001263  7.65230e+01  2.4857e+00
  142  0.001360  6.90872e+01  2.3416e+00
  143  0.001457  6.39224e+01  2.1974e+00
  144  0.001554  5.77304e+01  2.0332e+00
  145  0.001652  5.14457e+01  1.8902e+00
  146  0.001749  4.46318e+01  1.7273e+00
  147  0.001846  3.90308e+01  1.6050e+00
  148  0.001943  3.24794e+01  1.4863e+00
  149  0.002040  2.73222e+01  1.3926e+00
  150  0.002137  1.93670e+01  1.1924e+00
  151  0.002234  1.65988e+01  1.1233e+00
  152  0.002332  1.18203e+01  9.6927e-01
  153  0.002429  8.75181e+00  8.4085e-01
  154  0.002526  7.90505e+00  7.9127e-01
  155  0.002623  6.25040e+00  6.8839e-01
  156  0.002720  4.64261e+00  5.7993e-01
  157  0.002817  4.67736e+00  5.7407e-01
  158  0.002914  3.78457e+00  5.1963e-01
  159  0.003012  3.26987e+00  4.9321e-01
  160  0.003109  2.64157e+00  4.5099e-01
  161  0.003206  3.10389e+00  4.9185e-01
  162  0.003303  2.45822e+00  4.3348e-01
  163  0.003400  2.89779e+00  4.6664e-01
  164  0.003497  2.55030e+00  4.3870e-01
  165  0.003595  2.44501e+00  4.3441e-01
  166  0.003692  3.29706e+00  5.0609e-01
  167  0.003789  3.26094e+00  5.0321e-01
  168  0.003886  3.23343e+00  5.0067e-01
  169  0.003983  2.33687e+00  4.2559e-01
  170  0.004080  2.65961e+00  4.5323e-01
  171  0.004177  2.23898e+00  4.2367e-01
  172  0.004275  2.65729e+00  4.7582e-01
  173  0.004372  2.38815e+00  4.6179e-01
  174  0.004469  2.45795e+00  4.7052e-01
  175  0.004566  2.38713e+00  4.5569e-01
  176  0.004663  2.22329e+00  4.2327e-01
  177  0.004760  1.61477e+00  3.4336e-01
  178  0.004857  2.00907e+00  3.7038e-01
  179  0.004955  3.06505e+00  4.6467e-01
  180  0.005052  1.61808e+00  3.5789e-01
  181  0.005149  1.38606e+00  3.5100e-01
  182  0.005246  1.75705e+00  4.0724e-01
  183  0.005343  2.53934e+00  4.9559e-01
  184  0.005440  2.48555e+00  4.9106e-01
  185  0.005538  1.80371e+00  4.1974e-01
  186  0.005635  2.28773e+00  4.7687e-01
  187  0.005732  1.67373e+00  4.1079e-01
  188  0.005829  1.04042e+00  3.2213e-01
  189  0.005926  1.94117e+00  4.2782e-01
  190  0.006023  2.09123e+00  4.2626e-01
  191  0.006120  2.81233e+00  4.7444e-01
  192  0.006218  1.98759e+00  3.9490e-01
  193  0.006315  2.41734e+00  4.4414e-01
  194  0.006412  1.99205e+00  4.1835e-01
  195  0.006509  1.77110e+00  4.0406e-01
  196  0.006606  1.70800e+00  3.9946e-01
  197  0.006703  1.63239e+00  3.9067e-01
  198  0.006800  1.23694e+00  3.3933e-01
  199  0.006898  1.95426e+00  4.2856e-01
  200  0.006995  1.87359e+00  4.2575e-01
  201  0.007092  2.16659e+00  4.7130e-01
  202  0.007189  2.02654e+00  4.6721e-01
  203  0.007286  2.08467e+00  4.8100e-01
  204  0.007383  1.84424e+00  4.5138e-01
  205  0.007481  1.83761e+00  4.4554e-01
  206  0.007578  1.43785e+00  3.8592e-01
  207  0.007675  3.76931e+00  6.0508e-01
  208  0.007772  1.50896e+00  3.6010e-01
  209  0.007869  1.56913e+00  3.4730e-01
  210  0.007966  2.21556e+00  4.3512e-01
  211  0.008063  1.91136e+00  4.4427e-01
  212  0.008161  2.55573e+00  5.3782e-01
  213  0.008258  7.22790e-01  2.9247e-01
  214  0.008355  2.11941e+00  5.0745e-01
  215  0.008452  2.54586e+00  5.6183e-01
  216  0.008549  1.22961e+00  3.9115e-01
  217  0.008646  1.90348e+00  4.8140e-01
  218  0.008743  2.20581e+00  5.0814e-01
  219  0.008841  1.43376e+00  4.0178e-01
  220  0.008938  2.24432e+00  4.9490e-01
  221  0.009035  2.53150e+00  5.3090e-01
  222  0.009132  2.79295e+00  5.7149e-01
  223  0.009229  2.58772e+00  5.4066e-01
  224  0.009326  1.50995e+00  3.9290e-01
  225  0.009424  1.47634e+00  3.7351e-01
  226  0.009521  1.98285e+00  4.5718e-01
  227  0.009618  2.21523e+00  5.2820e-01
  228  0.009715  2.68527e+00  6.1414e-01
  229  0.009812  2.55520e+00  6.1772e-01
  230  0.009909  2.79697e+00  6.5531e-01
  231  0.010006  2.95303e+00  6.6528e-01
  232  0.010104  2.07433e+00  5.2811e-01
  233  0.010201  2.27668e+00  5.0106e-01
  234  0.010298  2.48199e+00  4.6537e-01
  235  0.010395  2.33170e+00  4.1741e-01
  236  0.010492  3.41697e+00  5.2405e-01
  237  0.010589  2.83212e+00  5.3606e-01
  238  0.010686  2.77580e+00  5.5485e-01
  239  0.010784  2.21843e+00  5.1798e-01
  240  0.010881  1.37675e+00  4.4796e-01
  241  0.010978  1.02563e+00  3.9679e-01
  242  0.011075  1.60621e+00  5.0488e-01
  243  0.011172  2.52326e+00  6.4882e-01
  244  0.011269  2.70186e+00  6.7288e-01
  245  0.011366  1.79695e+00  5.2627e-01
  246  0.011464  1.89801e+00  5.0599e-01
  247  0.011561  3.06077e+00  6.1788e-01
  248  0.011658  2.71883e+00  5.5905e-01
  249  0.011755  2.36712e+00  4.7769e-01
  250  0.011852  3.20575e+00  4.7827e-01
  251  0.011949  2.38127e+00  3.5897e-01
  252  0.012047  2.68280e+00  3.3088e-01
  253  0.012144  2.85690e+00  3.0125e-01
  254  0.012241  2.63579e+00  2.6034e-01
  255  0.012338  2.46693e+00  2.0225e-01
