  258    1    2    0    0    0    0  255
 TiCrHx 400K  # experiment title
  23.80   2.080  0.0000  400.000   0.0 0
                  0.0971  0.0000  0.0000
    1 -0.012326  1.55869e+01  2.9485e+00
    2 -0.012229  1.29650e+01  7.1752e-01
    3 -0.012132  1.28328e+01  8.8632e-01
    4 -0.012035  1.19097e+01  1.1137e+00
    5 -0.011937  1.38818e+01  1.4590e+00
    6 -0.011840  9.85794e+00  1.3693e+00
    7 -0.011743  1.23336e+01  1.4849e+00
    8 -0.011646  1.35031e+01  1.6653e+00
    9 -0.011549  1.31590e+01  1.8157e+00
   10 -0.011452  1.22116e+01  1.6907e+00
   11 -0.011355  1.43841e+01  1.5544e+00
   12 -0.011258  1.32296e+01  1.3439e+00
   13 -0.011161  1.04026e+01  1.4529e+00
   14 -0.011064  1.35254e+01  1.8307e+00
   15 -0.010967  1.11011e+01  1.7000e+00
   16 -0.010870  9.27850e+00  1.6972e+00
   17 -0.010773  1.30796e+01  2.1937e+00
   18 -0.010676  1.27934e+01  2.1728e+00
   19 -0.010579  1.02792e+01  1.7807e+00
   20 -0.010482  1.10100e+01  1.6135e+00
   21 -0.010385  1.08412e+01  1.5197e+00
   22 -0.010288  1.18675e+01  1.6301e+00
   23 -0.010191  1.40326e+01  1.9383e+00
   24 -0.010093  1.00671e+01  1.8112e+00
   25 -0.009996  7.49721e+00  1.6851e+00
   26 -0.009899  7.49035e+00  1.7507e+00
   27 -0.009802  9.06758e+00  1.9422e+00
   28 -0.009705  1.09023e+01  2.1138e+00
   29 -0.009608  9.14772e+00  1.8952e+00
   30 -0.009511  1.24761e+01  2.1177e+00
   31 -0.009414  9.44425e+00  1.7009e+00
   32 -0.009317  1.10391e+01  1.6980e+00
   33 -0.009220  8.60875e+00  1.4999e+00
   34 -0.009123  1.49161e+01  2.1044e+00
   35 -0.009026  1.09007e+01  1.8669e+00
   36 -0.008929  8.70279e+00  1.6921e+00
   37 -0.008832  7.84000e+00  1.6219e+00
   38 -0.008735  8.64032e+00  1.6945e+00
   39 -0.008638  1.06939e+01  1.8775e+00
   40 -0.008541  1.01276e+01  1.8320e+00
   41 -0.008444  8.90781e+00  1.7693e+00
   42 -0.008347  1.00569e+01  1.9356e+00
   43 -0.008249  1.12525e+01  2.0866e+00
   44 -0.008152  1.08911e+01  2.0373e+00
   45 -0.008055  1.24111e+01  2.1132e+00
   46 -0.007958  1.32170e+01  2.0746e+00
   47 -0.007861  1.31068e+01  1.9778e+00
   48 -0.007764  9.19650e+00  1.6318e+00
   49 -0.007667  1.12245e+01  1.8413e+00
   50 -0.007570  9.76810e+00  1.7925e+00
   51 -0.007473  1.15894e+01  2.0059e+00
   52 -0.007376  9.29016e+00  1.8114e+00
   53 -0.007279  1.11883e+01  1.9942e+00
   54 -0.007182  9.93880e+00  1.8972e+00
   55 -0.007085  1.09169e+01  1.9932e+00
   56 -0.006988  9.33973e+00  1.8243e+00
   57 -0.006891  1.00582e+01  1.8387e+00
   58 -0.006794  1.16423e+01  1.8905e+00
   59 -0.006697  1.01329e+01  1.6598e+00
   60 -0.006600  1.28044e+01  1.7932e+00
   61 -0.006503  1.55573e+01  2.0278e+00
   62 -0.006405  9.49765e+00  1.7362e+00
   63 -0.006308  1.34098e+01  2.2432e+00
   64 -0.006211  1.03167e+01  2.0529e+00
   65 -0.006114  1.20616e+01  2.2400e+00
   66 -0.006017  1.04092e+01  2.0196e+00
   67 -0.005920  1.35377e+01  2.1611e+00
   68 -0.005823  9.66662e+00  1.6492e+00
   69 -0.005726  1.34138e+01  1.8275e+00
   70 -0.005629  1.16447e+01  1.7695e+00
   71 -0.005532  9.08959e+00  1.6699e+00
   72 -0.005435  1.12583e+01  1.9278e+00
   73 -0.005338  1.03742e+01  1.8783e+00
   74 -0.005241  1.19704e+01  1.9891e+00
   75 -0.005144  1.53617e+01  2.2421e+00
   76 -0.005047  1.05662e+01  1.8869e+00
   77 -0.004950  1.56363e+01  2.3210e+00
   78 -0.004853  1.19464e+01  2.0121e+00
   79 -0.004756  1.17408e+01  1.9290e+00
   80 -0.004659  1.14271e+01  1.7942e+00
   81 -0.004561  1.35498e+01  1.8374e+00
   82 -0.004464  1.28185e+01  1.8112e+00
   83 -0.004367  1.08214e+01  1.8269e+00
   84 -0.004270  1.11099e+01  1.9984e+00
   85 -0.004173  8.91296e+00  1.8534e+00
   86 -0.004076  1.15349e+01  2.1120e+00
   87 -0.003979  9.01090e+00  1.8022e+00
   88 -0.003882  1.10799e+01  1.8467e+00
   89 -0.003785  1.28099e+01  1.8322e+00
   90 -0.003688  1.37740e+01  1.8900e+00
   91 -0.003591  1.22690e+01  1.8695e+00
   92 -0.003494  1.28653e+01  1.9878e+00
   93 -0.003397  1.48996e+01  2.1961e+00
   94 -0.003300  1.18655e+01  1.9767e+00
   95 -0.003203  1.22890e+01  1.9695e+00
   96 -0.003106  1.27612e+01  1.9433e+00
   97 -0.003009  1.36300e+01  2.0151e+00
   98 -0.002912  9.46886e+00  1.7494e+00
   99 -0.002815  1.37759e+01  2.1776e+00
  100 -0.002717  1.17945e+01  1.9923e+00
  101 -0.002620  1.34359e+01  2.0505e+00
  102 -0.002523  1.48939e+01  2.0299e+00
  103 -0.002426  1.53596e+01  1.9647e+00
  104 -0.002329  1.66049e+01  2.0635e+00
  105 -0.002232  1.40669e+01  2.0077e+00
  106 -0.002135  1.21261e+01  1.9655e+00
  107 -0.002038  1.61182e+01  2.3281e+00
  108 -0.001941  1.89323e+01  2.5086e+00
  109 -0.001844  1.46881e+01  2.1404e+00
  110 -0.001747  1.41825e+01  2.0453e+00
  111 -0.001650  1.84673e+01  2.3472e+00
  112 -0.001553  1.85919e+01  2.4222e+00
  113 -0.001456  1.83976e+01  2.4146e+00
  114 -0.001359  1.88590e+01  2.4330e+00
  115 -0.001262  2.33520e+01  2.6464e+00
  116 -0.001165  1.64560e+01  2.1406e+00
  117 -0.001068  2.22513e+01  2.4141e+00
  118 -0.000971  2.13971e+01  2.4087e+00
  119 -0.000873  2.61342e+01  2.8356e+00
  120 -0.000776  2.59050e+01  2.9898e+00
  121 -0.000679  3.01038e+01  3.3044e+00
  122 -0.000582  3.93313e+01  3.7684e+00
  123 -0.000485  4.32413e+01  3.8378e+00
  124 -0.000388  5.23761e+01  3.9828e+00
  125 -0.000291  6.77727e+01  4.2536e+00
  126 -0.000194  8.25550e+01  4.5390e+00
  127 -0.000097  1.12003e+02  5.3301e+00
  128  0.000000  1.35093e+02  6.0147e+00
  129  0.000097  1.73636e+02  7.0238e+00
  130  0.000194  1.92465e+02  7.4922e+00
  131  0.000291  1.87617e+02  7.6078e+00
  132  0.000388  1.94174e+02  8.2052e+00
  133  0.000485  1.92334e+02  8.4000e+00
  134  0.000582  1.88419e+02  8.1143e+00
  135  0.000679  1.61983e+02  7.1291e+00
  136  0.000776  1.44845e+02  6.2484e+00
  137  0.000873  1.28536e+02  5.6200e+00
  138  0.000971  9.42647e+01  4.8889e+00
  139  0.001068  7.42589e+01  4.6865e+00
  140  0.001165  6.98036e+01  4.8519e+00
  141  0.001262  5.65979e+01  4.5033e+00
  142  0.001359  4.64005e+01  4.0552e+00
  143  0.001456  3.75063e+01  3.5288e+00
  144  0.001553  3.65899e+01  3.3584e+00
  145  0.001650  3.51711e+01  3.2239e+00
  146  0.001747  3.18881e+01  3.0552e+00
  147  0.001844  2.85298e+01  2.8935e+00
  148  0.001941  2.17537e+01  2.5485e+00
  149  0.002038  2.22497e+01  2.6202e+00
  150  0.002135  2.04709e+01  2.5398e+00
  151  0.002232  2.21649e+01  2.6877e+00
  152  0.002329  1.83220e+01  2.4935e+00
  153  0.002426  1.74258e+01  2.4627e+00
  154  0.002523  1.56089e+01  2.3028e+00
  155  0.002620  1.43200e+01  2.1589e+00
  156  0.002717  1.54887e+01  2.1906e+00
  157  0.002815  1.47377e+01  2.1306e+00
  158  0.002912  1.86663e+01  2.4286e+00
  159  0.003009  1.88909e+01  2.5031e+00
  160  0.003106  1.53967e+01  2.2938e+00
  161  0.003203  1.44301e+01  2.2224e+00
  162  0.003300  1.60154e+01  2.2944e+00
  163  0.003397  1.18812e+01  1.9506e+00
  164  0.003494  1.45429e+01  2.1672e+00
  165  0.003591  1.60368e+01  2.3176e+00
  166  0.003688  1.82483e+01  2.4888e+00
  167  0.003785  1.14477e+01  1.9698e+00
  168  0.003882  1.57385e+01  2.2995e+00
  169  0.003979  1.77779e+01  2.4295e+00
  170  0.004076  1.33807e+01  2.1037e+00
  171  0.004173  1.44993e+01  2.2454e+00
  172  0.004270  1.83670e+01  2.6264e+00
  173  0.004367  1.51351e+01  2.4482e+00
  174  0.004464  1.48756e+01  2.4280e+00
  175  0.004561  1.06793e+01  2.0117e+00
  176  0.004659  1.20939e+01  2.0554e+00
  177  0.004756  1.98264e+01  2.5167e+00
  178  0.004853  1.28674e+01  1.9729e+00
  179  0.004950  1.32425e+01  2.0219e+00
  180  0.005047  1.28384e+01  2.0871e+00
  181  0.005144  1.41822e+01  2.3151e+00
  182  0.005241  1.34536e+01  2.3221e+00
  183  0.005338  1.36310e+01  2.3494e+00
  184  0.005435  1.19148e+01  2.1938e+00
  185  0.005532  1.13913e+01  2.1661e+00
  186  0.005629  1.25122e+01  2.3167e+00
  187  0.005726  1.42511e+01  2.5079e+00
  188  0.005823  1.46411e+01  2.5464e+00
  189  0.005920  1.55593e+01  2.5643e+00
  190  0.006017  1.57454e+01  2.4896e+00
  191  0.006114  1.40885e+01  2.2634e+00
  192  0.006211  1.30565e+01  2.1301e+00
  193  0.006308  1.44529e+01  2.2494e+00
  194  0.006405  1.33042e+01  2.2176e+00
  195  0.006503  1.09616e+01  2.0595e+00
  196  0.006600  1.38568e+01  2.3228e+00
  197  0.006697  1.27019e+01  2.2289e+00
  198  0.006794  1.53853e+01  2.4522e+00
  199  0.006891  1.39975e+01  2.3762e+00
  200  0.006988  1.59339e+01  2.6145e+00
  201  0.007085  1.77150e+01  2.8528e+00
  202  0.007182  8.89538e+00  2.0713e+00
  203  0.007279  1.37611e+01  2.6111e+00
  204  0.007376  6.79074e+00  1.8248e+00
  205  0.007473  1.49497e+01  2.6590e+00
  206  0.007570  1.27383e+01  2.3976e+00
  207  0.007667  1.53565e+01  2.5681e+00
  208  0.007764  1.51369e+01  2.4404e+00
  209  0.007861  2.01957e+01  2.6199e+00
  210  0.007958  1.76320e+01  2.4594e+00
  211  0.008055  1.62190e+01  2.6001e+00
  212  0.008152  1.84994e+01  2.9562e+00
  213  0.008249  1.47688e+01  2.7081e+00
  214  0.008347  1.37610e+01  2.6770e+00
  215  0.008444  1.15367e+01  2.5123e+00
  216  0.008541  1.14552e+01  2.5318e+00
  217  0.008638  1.55220e+01  2.9384e+00
  218  0.008735  1.41246e+01  2.7561e+00
  219  0.008832  1.26362e+01  2.5650e+00
  220  0.008929  1.85350e+01  3.0397e+00
  221  0.009026  1.47508e+01  2.7015e+00
  222  0.009123  1.62188e+01  2.8438e+00
  223  0.009220  1.32909e+01  2.4909e+00
  224  0.009317  1.60286e+01  2.6525e+00
  225  0.009414  1.79871e+01  2.8306e+00
  226  0.009511  1.44622e+01  2.5606e+00
  227  0.009608  1.72409e+01  2.8857e+00
  228  0.009705  1.34889e+01  2.7480e+00
  229  0.009802  1.22998e+01  2.7646e+00
  230  0.009899  1.60790e+01  3.2097e+00
  231  0.009996  1.56220e+01  3.0993e+00
  232  0.010093  1.55748e+01  2.9600e+00
  233  0.010191  1.75477e+01  2.9378e+00
  234  0.010288  1.34789e+01  2.3768e+00
  235  0.010385  1.38082e+01  2.2559e+00
  236  0.010482  1.69578e+01  2.5559e+00
  237  0.010579  1.68191e+01  2.6138e+00
  238  0.010676  1.84453e+01  2.9919e+00
  239  0.010773  1.48722e+01  3.0720e+00
  240  0.010870  1.12880e+01  2.7379e+00
  241  0.010967  1.56262e+01  3.2282e+00
  242  0.011064  1.19728e+01  2.9217e+00
  243  0.011161  1.51942e+01  3.3976e+00
  244  0.011258  1.14080e+01  2.9229e+00
  245  0.011355  1.38604e+01  3.0200e+00
  246  0.011452  9.45213e+00  2.2965e+00
  247  0.011549  1.39581e+01  2.7102e+00
  248  0.011646  1.55995e+01  2.7108e+00
  249  0.011743  1.88274e+01  2.6171e+00
  250  0.011840  1.60776e+01  2.0199e+00
  251  0.011937  1.75659e+01  1.9383e+00
  252  0.012035  1.51496e+01  1.6581e+00
  253  0.012132  1.66988e+01  1.5675e+00
  254  0.012229  1.54490e+01  1.3845e+00
  255  0.012326  1.53230e+01  1.0155e+00
  258    1    2    0    0    0    0  255
 TiCrHx 400K  # experiment title
  34.70   2.080  0.0000  400.000   0.0 0
                  0.0971  0.0000  0.0000
    1 -0.012326  4.92157e+00  1.5534e+00
    2 -0.012229  6.38233e+00  4.7204e-01
    3 -0.012132  5.83304e+00  5.6029e-01
    4 -0.012035  6.27254e+00  7.5786e-01
    5 -0.011937  5.52510e+00  8.6305e-01
    6 -0.011840  6.01494e+00  1.0029e+00
    7 -0.011743  4.20429e+00  8.1287e-01
    8 -0.011646  4.96804e+00  9.4709e-01
    9 -0.011549  7.09939e+00  1.2505e+00
   10 -0.011452  5.41075e+00  1.0552e+00
   11 -0.011355  4.83880e+00  8.4531e-01
   12 -0.011258  5.22549e+00  7.9191e-01
   13 -0.011161  3.73211e+00  8.1595e-01
   14 -0.011064  4.33226e+00  9.7148e-01
   15 -0.010967  3.12729e+00  8.4603e-01
   16 -0.010870  4.42836e+00  1.0994e+00
   17 -0.010773  5.17593e+00  1.2939e+00
   18 -0.010676  6.16446e+00  1.4142e+00
   19 -0.010579  4.91153e+00  1.1542e+00
   20 -0.010482  4.45432e+00  9.6225e-01
   21 -0.010385  5.77369e+00  1.0399e+00
   22 -0.010288  4.71569e+00  9.6350e-01
   23 -0.010191  3.90282e+00  9.5843e-01
   24 -0.010093  4.04107e+00  1.0760e+00
   25 -0.009996  4.39763e+00  1.2101e+00
   26 -0.009899  2.95082e+00  1.0303e+00
   27 -0.009802  5.08255e+00  1.3634e+00
   28 -0.009705  5.22256e+00  1.3718e+00
   29 -0.009608  6.73229e+00  1.5245e+00
   30 -0.009511  4.99460e+00  1.2564e+00
   31 -0.009414  4.76997e+00  1.1334e+00
   32 -0.009317  3.39015e+00  8.8227e-01
   33 -0.009220  5.34786e+00  1.1084e+00
   34 -0.009123  6.18873e+00  1.2709e+00
   35 -0.009026  6.58989e+00  1.3611e+00
   36 -0.008929  5.70619e+00  1.2847e+00
   37 -0.008832  3.94280e+00  1.0785e+00
   38 -0.008735  5.57702e+00  1.2765e+00
   39 -0.008638  6.27325e+00  1.3484e+00
   40 -0.008541  4.73904e+00  1.1751e+00
   41 -0.008444  4.55489e+00  1.1863e+00
   42 -0.008347  4.01497e+00  1.1467e+00
   43 -0.008249  8.64774e+00  1.7152e+00
   44 -0.008152  7.20219e+00  1.5534e+00
   45 -0.008055  6.27486e+00  1.4089e+00
   46 -0.007958  4.36535e+00  1.1179e+00
   47 -0.007861  3.86272e+00  1.0067e+00
   48 -0.007764  5.81210e+00  1.2163e+00
   49 -0.007667  6.02302e+00  1.2647e+00
   50 -0.007570  4.60374e+00  1.1538e+00
   51 -0.007473  6.38591e+00  1.3961e+00
   52 -0.007376  3.81970e+00  1.0891e+00
   53 -0.007279  5.21837e+00  1.2770e+00
   54 -0.007182  3.84376e+00  1.1063e+00
   55 -0.007085  4.79890e+00  1.2391e+00
   56 -0.006988  4.13883e+00  1.1387e+00
   57 -0.006891  5.19313e+00  1.2388e+00
   58 -0.006794  4.03004e+00  1.0429e+00
   59 -0.006697  2.45623e+00  7.6623e-01
   60 -0.006600  5.42962e+00  1.0949e+00
   61 -0.006503  6.11930e+00  1.1924e+00
   62 -0.006405  4.44636e+00  1.1139e+00
   63 -0.006308  4.59740e+00  1.2315e+00
   64 -0.006211  5.07408e+00  1.3500e+00
   65 -0.006114  4.06835e+00  1.2198e+00
   66 -0.006017  5.40514e+00  1.3645e+00
   67 -0.005920  4.64136e+00  1.1865e+00
   68 -0.005823  6.02443e+00  1.2208e+00
   69 -0.005726  7.33841e+00  1.2674e+00
   70 -0.005629  5.20076e+00  1.1088e+00
   71 -0.005532  8.34626e+00  1.5005e+00
   72 -0.005435  7.49726e+00  1.4751e+00
   73 -0.005338  7.17682e+00  1.4649e+00
   74 -0.005241  6.44052e+00  1.3681e+00
   75 -0.005144  7.72230e+00  1.4905e+00
   76 -0.005047  6.28279e+00  1.3643e+00
   77 -0.004950  6.40596e+00  1.3929e+00
   78 -0.004853  4.78077e+00  1.1935e+00
   79 -0.004756  6.29914e+00  1.3248e+00
   80 -0.004659  6.79292e+00  1.2971e+00
   81 -0.004561  5.67383e+00  1.1148e+00
   82 -0.004464  6.64684e+00  1.2229e+00
   83 -0.004367  5.26182e+00  1.1945e+00
   84 -0.004270  6.59431e+00  1.4436e+00
   85 -0.004173  3.79924e+00  1.1346e+00
   86 -0.004076  8.45555e+00  1.6955e+00
   87 -0.003979  6.33737e+00  1.4172e+00
   88 -0.003882  7.57624e+00  1.4319e+00
   89 -0.003785  7.07092e+00  1.2764e+00
   90 -0.003688  6.23418e+00  1.1922e+00
   91 -0.003591  6.00977e+00  1.2268e+00
   92 -0.003494  8.60142e+00  1.5240e+00
   93 -0.003397  7.93873e+00  1.5031e+00
   94 -0.003300  6.94957e+00  1.4185e+00
   95 -0.003203  9.21281e+00  1.5990e+00
   96 -0.003106  8.60113e+00  1.4959e+00
   97 -0.003009  7.27688e+00  1.3806e+00
   98 -0.002912  5.44145e+00  1.2434e+00
   99 -0.002815  7.29673e+00  1.4860e+00
  100 -0.002717  7.68278e+00  1.5077e+00
  101 -0.002620  6.04386e+00  1.2895e+00
  102 -0.002523  5.13749e+00  1.1178e+00
  103 -0.002426  9.44451e+00  1.4446e+00
  104 -0.002329  7.91683e+00  1.3360e+00
  105 -0.002232  1.02598e+01  1.6077e+00
  106 -0.002135  7.90453e+00  1.4879e+00
  107 -0.002038  1.26871e+01  1.9367e+00
  108 -0.001941  9.38580e+00  1.6562e+00
  109 -0.001844  1.01244e+01  1.6662e+00
  110 -0.001747  9.33997e+00  1.5563e+00
  111 -0.001650  8.65862e+00  1.5070e+00
  112 -0.001553  8.33090e+00  1.5203e+00
  113 -0.001456  9.20460e+00  1.6014e+00
  114 -0.001359  1.07368e+01  1.7213e+00
  115 -0.001262  1.10820e+01  1.7093e+00
  116 -0.001165  1.10119e+01  1.6419e+00
  117 -0.001068  9.42949e+00  1.4735e+00
  118 -0.000971  1.02584e+01  1.5637e+00
  119 -0.000873  1.54013e+01  2.0410e+00
  120 -0.000776  1.60793e+01  2.2086e+00
  121 -0.000679  1.30790e+01  2.0422e+00
  122 -0.000582  1.55668e+01  2.2227e+00
  123 -0.000485  2.27358e+01  2.6092e+00
  124 -0.000388  2.36959e+01  2.5116e+00
  125 -0.000291  2.53343e+01  2.4382e+00
  126 -0.000194  2.67512e+01  2.4222e+00
  127 -0.000097  3.98791e+01  2.9814e+00
  128  0.000000  4.60970e+01  3.2933e+00
  129  0.000097  6.56069e+01  4.0467e+00
  130  0.000194  7.58054e+01  4.4070e+00
  131  0.000291  9.42003e+01  5.0530e+00
  132  0.000388  9.13287e+01  5.2746e+00
  133  0.000485  1.07234e+02  5.8795e+00
  134  0.000582  1.08902e+02  5.7828e+00
  135  0.000679  1.17125e+02  5.6835e+00
  136  0.000776  1.21455e+02  5.3648e+00
  137  0.000873  1.37794e+02  5.4568e+00
  138  0.000971  1.29884e+02  5.3821e+00
  139  0.001068  1.37536e+02  5.9824e+00
  140  0.001165  1.40099e+02  6.4475e+00
  141  0.001262  1.22022e+02  6.2022e+00
  142  0.001359  1.29185e+02  6.3472e+00
  143  0.001456  1.25686e+02  6.0597e+00
  144  0.001553  1.27019e+02  5.8698e+00
  145  0.001650  1.04976e+02  5.2242e+00
  146  0.001747  9.02976e+01  4.8220e+00
  147  0.001844  8.64960e+01  4.7255e+00
  148  0.001941  7.63057e+01  4.4766e+00
  149  0.002038  6.77177e+01  4.2871e+00
  150  0.002135  5.80755e+01  4.0119e+00
  151  0.002232  5.58456e+01  4.0009e+00
  152  0.002329  5.43510e+01  4.0276e+00
  153  0.002426  5.42832e+01  4.0764e+00
  154  0.002523  4.10772e+01  3.5033e+00
  155  0.002620  3.59760e+01  3.2090e+00
  156  0.002717  3.14117e+01  2.9253e+00
  157  0.002815  3.56719e+01  3.1084e+00
  158  0.002912  3.26145e+01  3.0102e+00
  159  0.003009  2.85295e+01  2.8845e+00
  160  0.003106  2.49256e+01  2.7367e+00
  161  0.003203  2.21560e+01  2.5822e+00
  162  0.003300  2.02850e+01  2.4213e+00
  163  0.003397  2.00093e+01  2.3737e+00
  164  0.003494  1.76238e+01  2.2371e+00
  165  0.003591  2.20720e+01  2.5495e+00
  166  0.003688  1.75947e+01  2.2915e+00
  167  0.003785  1.96192e+01  2.4180e+00
  168  0.003882  1.51339e+01  2.1144e+00
  169  0.003979  1.74771e+01  2.2587e+00
  170  0.004076  1.36283e+01  1.9907e+00
  171  0.004173  1.28509e+01  1.9821e+00
  172  0.004270  1.36382e+01  2.1221e+00
  173  0.004367  1.17748e+01  2.0247e+00
  174  0.004464  1.11168e+01  1.9681e+00
  175  0.004561  1.45955e+01  2.2053e+00
  176  0.004659  1.10535e+01  1.8425e+00
  177  0.004756  9.93820e+00  1.6707e+00
  178  0.004853  9.00168e+00  1.5472e+00
  179  0.004950  9.45733e+00  1.6022e+00
  180  0.005047  8.63322e+00  1.6048e+00
  181  0.005144  7.64030e+00  1.5933e+00
  182  0.005241  6.06473e+00  1.4618e+00
  183  0.005338  7.79189e+00  1.6655e+00
  184  0.005435  4.97079e+00  1.3286e+00
  185  0.005532  8.56542e+00  1.7612e+00
  186  0.005629  5.45235e+00  1.4340e+00
  187  0.005726  3.51480e+00  1.1678e+00
  188  0.005823  5.49787e+00  1.4631e+00
  189  0.005920  7.75742e+00  1.6977e+00
  190  0.006017  7.33251e+00  1.5930e+00
  191  0.006114  6.31354e+00  1.4207e+00
  192  0.006211  7.86440e+00  1.5501e+00
  193  0.006308  5.10373e+00  1.2533e+00
  194  0.006405  6.11099e+00  1.4092e+00
  195  0.006503  7.39277e+00  1.5858e+00
  196  0.006600  6.38622e+00  1.4786e+00
  197  0.006697  5.39323e+00  1.3618e+00
  198  0.006794  8.15035e+00  1.6735e+00
  199  0.006891  3.97613e+00  1.1874e+00
  200  0.006988  6.43907e+00  1.5583e+00
  201  0.007085  6.77812e+00  1.6546e+00
  202  0.007182  7.89902e+00  1.8302e+00
  203  0.007279  4.14714e+00  1.3440e+00
  204  0.007376  8.59059e+00  1.9246e+00
  205  0.007473  5.50141e+00  1.5124e+00
  206  0.007570  8.23984e+00  1.8081e+00
  207  0.007667  6.07108e+00  1.5140e+00
  208  0.007764  4.58049e+00  1.2587e+00
  209  0.007861  6.45299e+00  1.3885e+00
  210  0.007958  9.55093e+00  1.6972e+00
  211  0.008055  7.29648e+00  1.6352e+00
  212  0.008152  6.36690e+00  1.6261e+00
  213  0.008249  5.20101e+00  1.5069e+00
  214  0.008347  4.53754e+00  1.4413e+00
  215  0.008444  6.98400e+00  1.8328e+00
  216  0.008541  6.62773e+00  1.8057e+00
  217  0.008638  8.52996e+00  2.0424e+00
  218  0.008735  4.72854e+00  1.4952e+00
  219  0.008832  7.28292e+00  1.8258e+00
  220  0.008929  7.84777e+00  1.8545e+00
  221  0.009026  9.52847e+00  2.0359e+00
  222  0.009123  7.36869e+00  1.7973e+00
  223  0.009220  9.43817e+00  1.9682e+00
  224  0.009317  6.63269e+00  1.5998e+00
  225  0.009414  8.61446e+00  1.8367e+00
  226  0.009511  6.49355e+00  1.6088e+00
  227  0.009608  4.20468e+00  1.3362e+00
  228  0.009705  6.94005e+00  1.8482e+00
  229  0.009802  5.78904e+00  1.7784e+00
  230  0.009899  4.11432e+00  1.5223e+00
  231  0.009996  6.54285e+00  1.8807e+00
  232  0.010093  8.15054e+00  2.0078e+00
  233  0.010191  1.91019e+00  9.0880e-01
  234  0.010288  6.26430e+00  1.5193e+00
  235  0.010385  6.73458e+00  1.4772e+00
  236  0.010482  5.93981e+00  1.4183e+00
  237  0.010579  8.61694e+00  1.7542e+00
  238  0.010676  8.00631e+00  1.8482e+00
  239  0.010773  6.63334e+00  1.9237e+00
  240  0.010870  6.22662e+00  1.9066e+00
  241  0.010967  3.64931e+00  1.4627e+00
  242  0.011064  5.08681e+00  1.7856e+00
  243  0.011161  1.12015e+01  2.7354e+00
  244  0.011258  6.50706e+00  2.0698e+00
  245  0.011355  5.92027e+00  1.8506e+00
  246  0.011452  8.22316e+00  2.0085e+00
  247  0.011549  7.86382e+00  1.9074e+00
  248  0.011646  7.65223e+00  1.7802e+00
  249  0.011743  5.23442e+00  1.2939e+00
  250  0.011840  8.61985e+00  1.3867e+00
  251  0.011937  7.80492e+00  1.2114e+00
  252  0.012035  6.46079e+00  1.0153e+00
  253  0.012132  8.11675e+00  1.0247e+00
  254  0.012229  6.64066e+00  8.5107e-01
  255  0.012326  8.23237e+00  6.9789e-01
  258    1    2    0    0    0    0  255
 TiCrHx 400K  # experiment title
  51.00   2.080  0.0000  400.000   0.0 0
                  0.0971  0.0000  0.0000
    1 -0.012326  1.09757e+00  4.8371e-01
    2 -0.012229  1.73735e+00  1.6239e-01
    3 -0.012132  1.65557e+00  1.9682e-01
    4 -0.012035  1.35370e+00  2.3214e-01
    5 -0.011937  2.39467e+00  3.7464e-01
    6 -0.011840  2.04656e+00  3.8574e-01
    7 -0.011743  1.21936e+00  2.8865e-01
    8 -0.011646  1.16779e+00  3.0277e-01
    9 -0.011549  2.67496e+00  5.0612e-01
   10 -0.011452  1.70538e+00  3.9062e-01
   11 -0.011355  1.48392e+00  3.0866e-01
   12 -0.011258  1.44272e+00  2.7437e-01
   13 -0.011161  1.40492e+00  3.3010e-01
   14 -0.011064  1.63142e+00  3.9309e-01
   15 -0.010967  1.35935e+00  3.6779e-01
   16 -0.010870  1.17332e+00  3.7313e-01
   17 -0.010773  1.67219e+00  4.8494e-01
   18 -0.010676  1.70826e+00  4.9087e-01
   19 -0.010579  1.38636e+00  4.0432e-01
   20 -0.010482  1.67779e+00  3.8940e-01
   21 -0.010385  1.53826e+00  3.5392e-01
   22 -0.010288  1.44592e+00  3.5179e-01
   23 -0.010191  1.79925e+00  4.2909e-01
   24 -0.010093  7.86418e-01  3.1297e-01
   25 -0.009996  1.72260e+00  4.9940e-01
   26 -0.009899  1.70492e+00  5.1641e-01
   27 -0.009802  1.79746e+00  5.3462e-01
   28 -0.009705  6.42107e-01  3.1715e-01
   29 -0.009608  1.45642e+00  4.6753e-01
   30 -0.009511  1.04218e+00  3.7841e-01
   31 -0.009414  1.91114e+00  4.7305e-01
   32 -0.009317  1.18385e+00  3.4377e-01
   33 -0.009220  2.14974e+00  4.6339e-01
   34 -0.009123  1.44331e+00  4.0470e-01
   35 -0.009026  1.60034e+00  4.4226e-01
   36 -0.008929  1.64635e+00  4.5502e-01
   37 -0.008832  2.13391e+00  5.2315e-01
   38 -0.008735  1.83543e+00  4.8284e-01
   39 -0.008638  1.90094e+00  4.8941e-01
   40 -0.008541  2.60458e+00  5.7441e-01
   41 -0.008444  1.64709e+00  4.7038e-01
   42 -0.008347  1.54201e+00  4.6858e-01
   43 -0.008249  1.96029e+00  5.3845e-01
   44 -0.008152  1.75995e+00  5.0633e-01
   45 -0.008055  1.61611e+00  4.7145e-01
   46 -0.007958  2.24058e+00  5.2810e-01
   47 -0.007861  1.69281e+00  4.3944e-01
   48 -0.007764  1.48286e+00  4.0510e-01
   49 -0.007667  1.71358e+00  4.4480e-01
   50 -0.007570  1.16060e+00  3.8199e-01
   51 -0.007473  1.39855e+00  4.3080e-01
   52 -0.007376  1.42153e+00  4.3808e-01
   53 -0.007279  2.79209e+00  6.1593e-01
   54 -0.007182  1.55336e+00  4.6371e-01
   55 -0.007085  1.94729e+00  5.2046e-01
   56 -0.006988  1.75092e+00  4.8834e-01
   57 -0.006891  2.04671e+00  5.1280e-01
   58 -0.006794  1.66726e+00  4.4231e-01
   59 -0.006697  2.77733e+00  5.3725e-01
   60 -0.006600  2.22076e+00  4.6169e-01
   61 -0.006503  2.02728e+00  4.5255e-01
   62 -0.006405  1.07597e+00  3.6129e-01
   63 -0.006308  1.71211e+00  4.9554e-01
   64 -0.006211  2.06991e+00  5.6853e-01
   65 -0.006114  1.09303e+00  4.1688e-01
   66 -0.006017  1.47937e+00  4.7071e-01
   67 -0.005920  1.39053e+00  4.2820e-01
   68 -0.005823  2.42196e+00  5.1038e-01
   69 -0.005726  1.71874e+00  4.0444e-01
   70 -0.005629  2.03799e+00  4.5768e-01
   71 -0.005532  1.89002e+00  4.7080e-01
   72 -0.005435  1.89282e+00  4.8870e-01
   73 -0.005338  2.34005e+00  5.5154e-01
   74 -0.005241  1.76901e+00  4.7276e-01
   75 -0.005144  1.17172e+00  3.8282e-01
   76 -0.005047  2.29110e+00  5.4321e-01
   77 -0.004950  1.59991e+00  4.5900e-01
   78 -0.004853  1.65146e+00  4.6252e-01
   79 -0.004756  1.34428e+00  4.0353e-01
   80 -0.004659  2.15328e+00  4.8151e-01
   81 -0.004561  1.89575e+00  4.2491e-01
   82 -0.004464  2.72123e+00  5.1594e-01
   83 -0.004367  1.80027e+00  4.6069e-01
   84 -0.004270  2.32356e+00  5.6502e-01
   85 -0.004173  2.33843e+00  5.8694e-01
   86 -0.004076  2.83336e+00  6.4716e-01
   87 -0.003979  2.35886e+00  5.7009e-01
   88 -0.003882  1.97644e+00  4.8221e-01
   89 -0.003785  2.09983e+00  4.5863e-01
   90 -0.003688  1.99761e+00  4.4500e-01
   91 -0.003591  2.37545e+00  5.0858e-01
   92 -0.003494  1.07776e+00  3.5570e-01
   93 -0.003397  1.12608e+00  3.7325e-01
   94 -0.003300  2.39101e+00  5.4861e-01
   95 -0.003203  2.99229e+00  6.0087e-01
   96 -0.003106  2.61945e+00  5.4433e-01
   97 -0.003009  1.70773e+00  4.4099e-01
   98 -0.002912  3.69465e+00  6.7560e-01
   99 -0.002815  3.15389e+00  6.4419e-01
  100 -0.002717  2.55863e+00  5.7371e-01
  101 -0.002620  2.64142e+00  5.6209e-01
  102 -0.002523  2.54603e+00  5.1887e-01
  103 -0.002426  3.63832e+00  5.9120e-01
  104 -0.002329  2.96134e+00  5.3876e-01
  105 -0.002232  3.37259e+00  6.0779e-01
  106 -0.002135  2.80374e+00  5.8431e-01
  107 -0.002038  3.47849e+00  6.6866e-01
  108 -0.001941  3.42775e+00  6.5994e-01
  109 -0.001844  4.52590e+00  7.3458e-01
  110 -0.001747  3.95218e+00  6.6754e-01
  111 -0.001650  2.96639e+00  5.8159e-01
  112 -0.001553  3.96711e+00  6.9176e-01
  113 -0.001456  3.04802e+00  6.0762e-01
  114 -0.001359  4.30829e+00  7.1894e-01
  115 -0.001262  4.36408e+00  7.0728e-01
  116 -0.001165  4.68712e+00  7.0632e-01
  117 -0.001068  6.09783e+00  7.8132e-01
  118 -0.000971  7.66521e+00  8.9132e-01
  119 -0.000873  9.06505e+00  1.0325e+00
  120 -0.000776  1.14628e+01  1.2296e+00
  121 -0.000679  1.48372e+01  1.4343e+00
  122 -0.000582  2.22134e+01  1.7511e+00
  123 -0.000485  3.30696e+01  2.0754e+00
  124 -0.000388  4.38624e+01  2.2540e+00
  125 -0.000291  6.61942e+01  2.6002e+00
  126 -0.000194  9.08463e+01  2.9457e+00
  127 -0.000097  1.15365e+02  3.3471e+00
  128  0.000000  1.29247e+02  3.6403e+00
  129  0.000097  1.42505e+02  3.9372e+00
  130  0.000194  1.31776e+02  3.8353e+00
  131  0.000291  1.09977e+02  3.6027e+00
  132  0.000388  1.02692e+02  3.6904e+00
  133  0.000485  8.16172e+01  3.3834e+00
  134  0.000582  6.26864e+01  2.8934e+00
  135  0.000679  4.88795e+01  2.4209e+00
  136  0.000776  3.25349e+01  1.8305e+00
  137  0.000873  2.75567e+01  1.6085e+00
  138  0.000971  1.58036e+01  1.2374e+00
  139  0.001068  1.26627e+01  1.1963e+00
  140  0.001165  1.25127e+01  1.2699e+00
  141  0.001262  1.05314e+01  1.2009e+00
  142  0.001359  7.05758e+00  9.7771e-01
  143  0.001456  9.76844e+00  1.1134e+00
  144  0.001553  7.53966e+00  9.4249e-01
  145  0.001650  7.56284e+00  9.2422e-01
  146  0.001747  7.82455e+00  9.3563e-01
  147  0.001844  8.31472e+00  9.6576e-01
  148  0.001941  7.62483e+00  9.3282e-01
  149  0.002038  6.38561e+00  8.6783e-01
  150  0.002135  5.29958e+00  7.9893e-01
  151  0.002232  8.92812e+00  1.0546e+00
  152  0.002329  5.74691e+00  8.6340e-01
  153  0.002426  6.68567e+00  9.4312e-01
  154  0.002523  9.31680e+00  1.1000e+00
  155  0.002620  8.56077e+00  1.0321e+00
  156  0.002717  8.51537e+00  1.0042e+00
  157  0.002815  9.18889e+00  1.0402e+00
  158  0.002912  9.42262e+00  1.0668e+00
  159  0.003009  8.10442e+00  1.0137e+00
  160  0.003106  7.82336e+00  1.0109e+00
  161  0.003203  7.45118e+00  9.8736e-01
  162  0.003300  5.93832e+00  8.6379e-01
  163  0.003397  5.34261e+00  8.0873e-01
  164  0.003494  3.98919e+00  7.0176e-01
  165  0.003591  3.95383e+00  7.1146e-01
  166  0.003688  4.03126e+00  7.2322e-01
  167  0.003785  4.93277e+00  7.9943e-01
  168  0.003882  2.94312e+00  6.1478e-01
  169  0.003979  2.04589e+00  5.0954e-01
  170  0.004076  2.99650e+00  6.1548e-01
  171  0.004173  1.92320e+00  5.0557e-01
  172  0.004270  2.95139e+00  6.5090e-01
  173  0.004367  2.13882e+00  5.6898e-01
  174  0.004464  2.30691e+00  5.9115e-01
  175  0.004561  2.14572e+00  5.5751e-01
  176  0.004659  2.67011e+00  5.9708e-01
  177  0.004756  1.25091e+00  3.9081e-01
  178  0.004853  2.28363e+00  5.1384e-01
  179  0.004950  1.81226e+00  4.6244e-01
  180  0.005047  2.14424e+00  5.2733e-01
  181  0.005144  2.47832e+00  5.9834e-01
  182  0.005241  2.57085e+00  6.2756e-01
  183  0.005338  2.05413e+00  5.6385e-01
  184  0.005435  2.10946e+00  5.7070e-01
  185  0.005532  2.53621e+00  6.3191e-01
  186  0.005629  1.94788e+00  5.6514e-01
  187  0.005726  2.04333e+00  5.8709e-01
  188  0.005823  2.05108e+00  5.8923e-01
  189  0.005920  1.64479e+00  5.1545e-01
  190  0.006017  1.62722e+00  4.9481e-01
  191  0.006114  1.25952e+00  4.1840e-01
  192  0.006211  1.86803e+00  4.9812e-01
  193  0.006308  1.70464e+00  4.7760e-01
  194  0.006405  1.45923e+00  4.5406e-01
  195  0.006503  1.20336e+00  4.2187e-01
  196  0.006600  2.81808e+00  6.4763e-01
  197  0.006697  1.90232e+00  5.3327e-01
  198  0.006794  1.64305e+00  4.9543e-01
  199  0.006891  1.70675e+00  5.1297e-01
  200  0.006988  2.92758e+00  6.9285e-01
  201  0.007085  2.67206e+00  6.8499e-01
  202  0.007182  1.46131e+00  5.1904e-01
  203  0.007279  2.22957e+00  6.4977e-01
  204  0.007376  2.46478e+00  6.7972e-01
  205  0.007473  2.54432e+00  6.7818e-01
  206  0.007570  1.72491e+00  5.4547e-01
  207  0.007667  1.47737e+00  4.9246e-01
  208  0.007764  2.05706e+00  5.5619e-01
  209  0.007861  1.35114e+00  4.1894e-01
  210  0.007958  1.66153e+00  4.6675e-01
  211  0.008055  1.47306e+00  4.8444e-01
  212  0.008152  2.97816e+00  7.3331e-01
  213  0.008249  8.71245e-01  4.0665e-01
  214  0.008347  1.99057e+00  6.2946e-01
  215  0.008444  1.88223e+00  6.2739e-01
  216  0.008541  1.78671e+00  6.1818e-01
  217  0.008638  2.05119e+00  6.6039e-01
  218  0.008735  6.16830e-01  3.5608e-01
  219  0.008832  1.55595e+00  5.5646e-01
  220  0.008929  2.14827e+00  6.3978e-01
  221  0.009026  7.39216e-01  3.7389e-01
  222  0.009123  1.57867e+00  5.4852e-01
  223  0.009220  2.67712e+00  6.9116e-01
  224  0.009317  2.98820e+00  7.0806e-01
  225  0.009414  1.44983e+00  4.9683e-01
  226  0.009511  1.14126e+00  4.4471e-01
  227  0.009608  2.12411e+00  6.2620e-01
  228  0.009705  1.51885e+00  5.7010e-01
  229  0.009802  1.68637e+00  6.3288e-01
  230  0.009899  2.69379e+00  8.1223e-01
  231  0.009996  2.09093e+00  7.0101e-01
  232  0.010093  2.57990e+00  7.4481e-01
  233  0.010191  2.29522e+00  6.5687e-01
  234  0.010288  1.97346e+00  5.6227e-01
  235  0.010385  1.86699e+00  5.1284e-01
  236  0.010482  1.66682e+00  4.9539e-01
  237  0.010579  1.91394e+00  5.4512e-01
  238  0.010676  2.41185e+00  6.6887e-01
  239  0.010773  3.71952e+00  9.4981e-01
  240  0.010870  2.39719e+00  7.8005e-01
  241  0.010967  1.21708e+00  5.5698e-01
  242  0.011064  1.90730e+00  7.2096e-01
  243  0.011161  2.32278e+00  8.2130e-01
  244  0.011258  1.49739e+00  6.5469e-01
  245  0.011355  1.73127e+00  6.5987e-01
  246  0.011452  1.25445e+00  5.1724e-01
  247  0.011549  1.70463e+00  5.8554e-01
  248  0.011646  1.91611e+00  5.8736e-01
  249  0.011743  2.97058e+00  6.4270e-01
  250  0.011840  1.91632e+00  4.3113e-01
  251  0.011937  1.78840e+00  3.8236e-01
  252  0.012035  2.28917e+00  3.9849e-01
  253  0.012132  2.61498e+00  3.8349e-01
  254  0.012229  2.88684e+00  3.7000e-01
  255  0.012326  2.68016e+00  2.6256e-01
  258    1    2    0    0    0    0  255
 TiCrHx 400K  # experiment title
  71.00   2.080  0.0000  400.000   0.0 0
                  0.0971  0.0000  0.0000
    1 -0.012326  1.46988e+00  4.8596e-01
    2 -0.012229  1.23503e+00  1.1886e-01
    3 -0.012132  1.00529e+00  1.3315e-01
    4 -0.012035  1.43296e+00  2.0735e-01
    5 -0.011937  1.05406e+00  2.1578e-01
    6 -0.011840  1.16404e+00  2.5256e-01
    7 -0.011743  1.39034e+00  2.6758e-01
    8 -0.011646  1.36058e+00  2.8371e-01
    9 -0.011549  1.01034e+00  2.7003e-01
   10 -0.011452  1.44383e+00  3.1202e-01
   11 -0.011355  1.24352e+00  2.4530e-01
   12 -0.011258  1.06928e+00  2.0506e-01
   13 -0.011161  8.45312e-01  2.2229e-01
   14 -0.011064  8.48564e-01  2.4611e-01
   15 -0.010967  9.16928e-01  2.6223e-01
   16 -0.010870  8.14784e-01  2.6993e-01
   17 -0.010773  1.07140e+00  3.3698e-01
   18 -0.010676  7.67150e-01  2.8557e-01
   19 -0.010579  1.20529e+00  3.2728e-01
   20 -0.010482  1.48384e+00  3.1792e-01
   21 -0.010385  1.34364e+00  2.8715e-01
   22 -0.010288  9.81354e-01  2.5160e-01
   23 -0.010191  8.56446e-01  2.5700e-01
   24 -0.010093  1.00348e+00  3.0692e-01
   25 -0.009996  1.02695e+00  3.3475e-01
   26 -0.009899  1.40251e+00  4.0661e-01
   27 -0.009802  8.62931e-01  3.2158e-01
   28 -0.009705  1.14520e+00  3.6770e-01
   29 -0.009608  1.84314e+00  4.5660e-01
   30 -0.009511  1.72997e+00  4.2326e-01
   31 -0.009414  1.16426e+00  3.2053e-01
   32 -0.009317  1.46871e+00  3.3242e-01
   33 -0.009220  1.24028e+00  3.0556e-01
   34 -0.009123  9.32631e-01  2.8242e-01
   35 -0.009026  1.01321e+00  3.0550e-01
   36 -0.008929  1.33547e+00  3.5577e-01
   37 -0.008832  9.75163e-01  3.0702e-01
   38 -0.008735  1.42722e+00  3.6963e-01
   39 -0.008638  1.06959e+00  3.1870e-01
   40 -0.008541  9.20991e-01  2.9653e-01
   41 -0.008444  1.43479e+00  3.8113e-01
   42 -0.008347  1.06376e+00  3.3787e-01
   43 -0.008249  9.19785e-01  3.2020e-01
   44 -0.008152  1.59145e+00  4.1800e-01
   45 -0.008055  8.46451e-01  2.9620e-01
   46 -0.007958  9.30447e-01  2.9544e-01
   47 -0.007861  1.10389e+00  3.0807e-01
   48 -0.007764  1.03421e+00  2.9370e-01
   49 -0.007667  6.95920e-01  2.4608e-01
   50 -0.007570  1.79276e+00  4.1216e-01
   51 -0.007473  1.21530e+00  3.4863e-01
   52 -0.007376  1.59703e+00  4.0311e-01
   53 -0.007279  1.21361e+00  3.5252e-01
   54 -0.007182  1.15555e+00  3.4721e-01
   55 -0.007085  1.06372e+00  3.3394e-01
   56 -0.006988  1.12908e+00  3.4044e-01
   57 -0.006891  1.70883e+00  4.0678e-01
   58 -0.006794  1.76905e+00  3.9553e-01
   59 -0.006697  1.49919e+00  3.4267e-01
   60 -0.006600  1.61110e+00  3.4139e-01
   61 -0.006503  2.03036e+00  3.9318e-01
   62 -0.006405  1.67597e+00  3.9146e-01
   63 -0.006308  1.47842e+00  3.9976e-01
   64 -0.006211  1.19962e+00  3.7574e-01
   65 -0.006114  1.20590e+00  3.8014e-01
   66 -0.006017  1.12181e+00  3.5584e-01
   67 -0.005920  9.93841e-01  3.1427e-01
   68 -0.005823  1.54014e+00  3.5333e-01
   69 -0.005726  1.14766e+00  2.8691e-01
   70 -0.005629  7.96889e-01  2.4845e-01
   71 -0.005532  2.10585e+00  4.3143e-01
   72 -0.005435  1.51612e+00  3.7970e-01
   73 -0.005338  1.17563e+00  3.3938e-01
   74 -0.005241  1.22765e+00  3.4190e-01
   75 -0.005144  1.59278e+00  3.8749e-01
   76 -0.005047  1.45137e+00  3.7534e-01
   77 -0.004950  9.18667e-01  3.0195e-01
   78 -0.004853  1.16666e+00  3.3749e-01
   79 -0.004756  1.28702e+00  3.4278e-01
   80 -0.004659  1.54940e+00  3.5459e-01
   81 -0.004561  1.42197e+00  3.1948e-01
   82 -0.004464  1.09921e+00  2.8467e-01
   83 -0.004367  1.24015e+00  3.3194e-01
   84 -0.004270  1.04934e+00  3.2963e-01
   85 -0.004173  1.75770e+00  4.4177e-01
   86 -0.004076  1.38801e+00  3.9322e-01
   87 -0.003979  2.05093e+00  4.6149e-01
   88 -0.003882  1.50731e+00  3.6558e-01
   89 -0.003785  1.52139e+00  3.3890e-01
   90 -0.003688  2.00843e+00  3.8737e-01
   91 -0.003591  1.48893e+00  3.4955e-01
   92 -0.003494  1.74711e+00  3.9317e-01
   93 -0.003397  2.61735e+00  4.9403e-01
   94 -0.003300  1.03717e+00  3.1367e-01
   95 -0.003203  1.55481e+00  3.7601e-01
   96 -0.003106  1.62759e+00  3.7249e-01
   97 -0.003009  1.87727e+00  4.0139e-01
   98 -0.002912  2.04003e+00  4.3582e-01
   99 -0.002815  1.78793e+00  4.2106e-01
  100 -0.002717  2.42915e+00  4.8529e-01
  101 -0.002620  1.98314e+00  4.2282e-01
  102 -0.002523  2.15979e+00  4.1488e-01
  103 -0.002426  2.22981e+00  4.0179e-01
  104 -0.002329  1.56534e+00  3.4005e-01
  105 -0.002232  3.53981e+00  5.4057e-01
  106 -0.002135  2.67130e+00  4.9514e-01
  107 -0.002038  3.66667e+00  5.9600e-01
  108 -0.001941  2.30760e+00  4.7007e-01
  109 -0.001844  2.96647e+00  5.1629e-01
  110 -0.001747  2.03751e+00  4.1609e-01
  111 -0.001650  2.65386e+00  4.7757e-01
  112 -0.001553  2.46889e+00  4.7376e-01
  113 -0.001456  2.91802e+00  5.1613e-01
  114 -0.001359  3.25085e+00  5.4216e-01
  115 -0.001262  3.54811e+00  5.5364e-01
  116 -0.001165  3.61542e+00  5.3854e-01
  117 -0.001068  3.99031e+00  5.4870e-01
  118 -0.000971  4.52801e+00  5.9471e-01
  119 -0.000873  4.86936e+00  6.5694e-01
  120 -0.000776  4.37944e+00  6.5979e-01
  121 -0.000679  5.84992e+00  7.8182e-01
  122 -0.000582  6.65669e+00  8.3205e-01
  123 -0.000485  9.90955e+00  9.8608e-01
  124 -0.000388  1.29931e+01  1.0647e+00
  125 -0.000291  1.80678e+01  1.1788e+00
  126 -0.000194  2.51432e+01  1.3445e+00
  127 -0.000097  3.65022e+01  1.6333e+00
  128  0.000000  4.42355e+01  1.8475e+00
  129  0.000097  6.30198e+01  2.2716e+00
  130  0.000194  6.99662e+01  2.4251e+00
  131  0.000291  8.18078e+01  2.6974e+00
  132  0.000388  7.90931e+01  2.8117e+00
  133  0.000485  8.64309e+01  3.0237e+00
  134  0.000582  8.72775e+01  2.9656e+00
  135  0.000679  8.86400e+01  2.8323e+00
  136  0.000776  8.80894e+01  2.6171e+00
  137  0.000873  8.39965e+01  2.4401e+00
  138  0.000971  7.71559e+01  2.3757e+00
  139  0.001068  7.33134e+01  2.5012e+00
  140  0.001165  6.82889e+01  2.5775e+00
  141  0.001262  6.27502e+01  2.5468e+00
  142  0.001359  6.17169e+01  2.5120e+00
  143  0.001456  6.02404e+01  2.4021e+00
  144  0.001553  5.14202e+01  2.1381e+00
  145  0.001650  4.65602e+01  1.9920e+00
  146  0.001747  4.22059e+01  1.8874e+00
  147  0.001844  3.55171e+01  1.7335e+00
  148  0.001941  2.68929e+01  1.5213e+00
  149  0.002038  2.19695e+01  1.3978e+00
  150  0.002135  1.70642e+01  1.2448e+00
  151  0.002232  1.29228e+01  1.1016e+00
  152  0.002329  9.72478e+00  9.7512e-01
  153  0.002426  9.20493e+00  9.6077e-01
  154  0.002523  7.36691e+00  8.4918e-01
  155  0.002620  6.48473e+00  7.7982e-01
  156  0.002717  6.07141e+00  7.3615e-01
  157  0.002815  5.56667e+00  7.0284e-01
  158  0.002912  4.45095e+00  6.3651e-01
  159  0.003009  3.36403e+00  5.6693e-01
  160  0.003106  2.85465e+00  5.3012e-01
  161  0.003203  4.11779e+00  6.3720e-01
  162  0.003300  3.04230e+00  5.3674e-01
  163  0.003397  3.05390e+00  5.3081e-01
  164  0.003494  2.41543e+00  4.7405e-01
  165  0.003591  2.32978e+00  4.7411e-01
  166  0.003688  3.49024e+00  5.8421e-01
  167  0.003785  2.06910e+00  4.4948e-01
  168  0.003882  2.69816e+00  5.1103e-01
  169  0.003979  1.57343e+00  3.8793e-01
  170  0.004076  2.72732e+00  5.0976e-01
  171  0.004173  2.10766e+00  4.5948e-01
  172  0.004270  1.52896e+00  4.0671e-01
  173  0.004367  2.47885e+00  5.3178e-01
  174  0.004464  1.73854e+00  4.4551e-01
  175  0.004561  2.93739e+00  5.6630e-01
  176  0.004659  2.12767e+00  4.6271e-01
  177  0.004756  2.48023e+00  4.7775e-01
  178  0.004853  2.25689e+00  4.4347e-01
  179  0.004950  1.88578e+00  4.0953e-01
  180  0.005047  1.81133e+00  4.2076e-01
  181  0.005144  1.02569e+00  3.3416e-01
  182  0.005241  1.58529e+00  4.2782e-01
  183  0.005338  1.39300e+00  4.0310e-01
  184  0.005435  1.30583e+00  3.8981e-01
  185  0.005532  1.75268e+00  4.5604e-01
  186  0.005629  1.47526e+00  4.2697e-01
  187  0.005726  1.81698e+00  4.8062e-01
  188  0.005823  1.01298e+00  3.5948e-01
  189  0.005920  1.33911e+00  4.0376e-01
  190  0.006017  1.36081e+00  3.9283e-01
  191  0.006114  1.38819e+00  3.8133e-01
  192  0.006211  1.66348e+00  4.0807e-01
  193  0.006308  1.13548e+00  3.3840e-01
  194  0.006405  1.66857e+00  4.2152e-01
  195  0.006503  1.34468e+00  3.8715e-01
  196  0.006600  1.13674e+00  3.5708e-01
  197  0.006697  1.27053e+00  3.7835e-01
  198  0.006794  1.64171e+00  4.2993e-01
  199  0.006891  8.21398e-01  3.0894e-01
  200  0.006988  1.37702e+00  4.1251e-01
  201  0.007085  1.59786e+00  4.5985e-01
  202  0.007182  1.24040e+00  4.1515e-01
  203  0.007279  1.62681e+00  4.8185e-01
  204  0.007376  6.50238e-01  3.0308e-01
  205  0.007473  1.05839e+00  3.7972e-01
  206  0.007570  1.33031e+00  4.1587e-01
  207  0.007667  1.60837e+00  4.4608e-01
  208  0.007764  1.80440e+00  4.5223e-01
  209  0.007861  1.54248e+00  3.8860e-01
  210  0.007958  1.65520e+00  4.0443e-01
  211  0.008055  8.99693e-01  3.2867e-01
  212  0.008152  1.46242e+00  4.4610e-01
  213  0.008249  1.32360e+00  4.3514e-01
  214  0.008347  1.40182e+00  4.5858e-01
  215  0.008444  1.49413e+00  4.8527e-01
  216  0.008541  1.02369e+00  4.0622e-01
  217  0.008638  1.99756e+00  5.6577e-01
  218  0.008735  1.13970e+00  4.2020e-01
  219  0.008832  8.04645e-01  3.4739e-01
  220  0.008929  1.29294e+00  4.3089e-01
  221  0.009026  1.51516e+00  4.6471e-01
  222  0.009123  1.82661e+00  5.1222e-01
  223  0.009220  1.44044e+00  4.4013e-01
  224  0.009317  9.45131e-01  3.4569e-01
  225  0.009414  1.88712e+00  4.9209e-01
  226  0.009511  1.23897e+00  4.0226e-01
  227  0.009608  1.22461e+00  4.1277e-01
  228  0.009705  1.14483e+00  4.2969e-01
  229  0.009802  7.52333e-01  3.6698e-01
  230  0.009899  1.60482e+00  5.4425e-01
  231  0.009996  7.99706e-01  3.7636e-01
  232  0.010093  1.81016e+00  5.4162e-01
  233  0.010191  9.09127e-01  3.5889e-01
  234  0.010288  1.55671e+00  4.3354e-01
  235  0.010385  1.10701e+00  3.4282e-01
  236  0.010482  1.62876e+00  4.2513e-01
  237  0.010579  1.75509e+00  4.5318e-01
  238  0.010676  5.59201e-01  2.7960e-01
  239  0.010773  1.62482e+00  5.4498e-01
  240  0.010870  1.02054e+00  4.4185e-01
  241  0.010967  1.10953e+00  4.6168e-01
  242  0.011064  1.20886e+00  4.9828e-01
  243  0.011161  4.62616e-01  3.1819e-01
  244  0.011258  6.47227e-01  3.7367e-01
  245  0.011355  1.49420e+00  5.3220e-01
  246  0.011452  1.12494e+00  4.2523e-01
  247  0.011549  1.40025e+00  4.6072e-01
  248  0.011646  1.44381e+00  4.4263e-01
  249  0.011743  1.08588e+00  3.3734e-01
  250  0.011840  1.35153e+00  3.1432e-01
  251  0.011937  2.09596e+00  3.5936e-01
  252  0.012035  1.56169e+00  2.8574e-01
  253  0.012132  8.63422e-01  1.9130e-01
  254  0.012229  1.63108e+00  2.4144e-01
  255  0.012326  1.25427e+00  1.5593e-01
  258    1    2    0    0    0    0  255
 TiCrHx 400K  # experiment title
  91.00   2.080  0.0000  400.000   0.0 0
                  0.0971  0.0000  0.0000
    1 -0.012326  5.36407e-01  2.5941e-01
    2 -0.012229  8.14758e-01  8.5308e-02
    3 -0.012132  6.38568e-01  9.3769e-02
    4 -0.012035  7.75975e-01  1.3483e-01
    5 -0.011937  1.18188e+00  2.0190e-01
    6 -0.011840  1.11785e+00  2.1870e-01
    7 -0.011743  6.91865e-01  1.6679e-01
    8 -0.011646  9.36775e-01  2.0802e-01
    9 -0.011549  7.45943e-01  2.0503e-01
   10 -0.011452  5.04625e-01  1.6300e-01
   11 -0.011355  1.18239e+00  2.1136e-01
   12 -0.011258  7.19218e-01  1.4860e-01
   13 -0.011161  7.30495e-01  1.8259e-01
   14 -0.011064  7.68950e-01  2.0702e-01
   15 -0.010967  5.72359e-01  1.8308e-01
   16 -0.010870  1.04738e+00  2.7044e-01
   17 -0.010773  8.36668e-01  2.6314e-01
   18 -0.010676  1.15294e+00  3.0936e-01
   19 -0.010579  5.85082e-01  2.0149e-01
   20 -0.010482  6.91169e-01  1.9173e-01
   21 -0.010385  9.95836e-01  2.1845e-01
   22 -0.010288  8.85339e-01  2.1117e-01
   23 -0.010191  6.62497e-01  1.9974e-01
   24 -0.010093  6.74942e-01  2.2242e-01
   25 -0.009996  5.96372e-01  2.2541e-01
   26 -0.009899  9.11127e-01  2.8960e-01
   27 -0.009802  5.70893e-01  2.3113e-01
   28 -0.009705  7.28304e-01  2.5911e-01
   29 -0.009608  8.20962e-01  2.6927e-01
   30 -0.009511  1.05880e+00  2.9259e-01
   31 -0.009414  9.57809e-01  2.5690e-01
   32 -0.009317  1.42090e+00  2.8892e-01
   33 -0.009220  9.76853e-01  2.3962e-01
   34 -0.009123  1.17704e+00  2.8036e-01
   35 -0.009026  9.55155e-01  2.6210e-01
   36 -0.008929  7.60342e-01  2.3721e-01
   37 -0.008832  8.98724e-01  2.6044e-01
   38 -0.008735  3.73655e-01  1.6712e-01
   39 -0.008638  1.24731e+00  3.0412e-01
   40 -0.008541  9.75637e-01  2.6968e-01
   41 -0.008444  9.41741e-01  2.7285e-01
   42 -0.008347  1.02704e+00  2.9336e-01
   43 -0.008249  7.61110e-01  2.5738e-01
   44 -0.008152  1.02876e+00  2.9697e-01
   45 -0.008055  4.98946e-01  2.0095e-01
   46 -0.007958  1.08672e+00  2.8214e-01
   47 -0.007861  1.15738e+00  2.7874e-01
   48 -0.007764  8.96140e-01  2.4158e-01
   49 -0.007667  1.29100e+00  2.9617e-01
   50 -0.007570  7.45599e-01  2.3487e-01
   51 -0.007473  1.18327e+00  3.0398e-01
   52 -0.007376  1.55886e+00  3.5193e-01
   53 -0.007279  8.85668e-01  2.6611e-01
   54 -0.007182  1.05912e+00  2.9373e-01
   55 -0.007085  1.07614e+00  2.9681e-01
   56 -0.006988  1.09349e+00  2.9604e-01
   57 -0.006891  7.77683e-01  2.4248e-01
   58 -0.006794  1.11441e+00  2.7740e-01
   59 -0.006697  9.21413e-01  2.3738e-01
   60 -0.006600  1.57379e+00  2.9815e-01
   61 -0.006503  1.12558e+00  2.5868e-01
   62 -0.006405  1.49928e+00  3.2717e-01
   63 -0.006308  1.15996e+00  3.1290e-01
   64 -0.006211  1.29853e+00  3.4543e-01
   65 -0.006114  1.05282e+00  3.1386e-01
   66 -0.006017  8.03913e-01  2.6618e-01
   67 -0.005920  1.07205e+00  2.8842e-01
   68 -0.005823  1.12044e+00  2.6630e-01
   69 -0.005726  1.02141e+00  2.3918e-01
   70 -0.005629  1.50866e+00  3.0208e-01
   71 -0.005532  1.16941e+00  2.8408e-01
   72 -0.005435  1.04383e+00  2.7840e-01
   73 -0.005338  1.00707e+00  2.7756e-01
   74 -0.005241  1.33816e+00  3.1542e-01
   75 -0.005144  1.17371e+00  2.9393e-01
   76 -0.005047  1.41665e+00  3.2768e-01
   77 -0.004950  1.17451e+00  3.0169e-01
   78 -0.004853  1.12482e+00  2.9282e-01
   79 -0.004756  7.54771e-01  2.3196e-01
   80 -0.004659  1.32133e+00  2.8935e-01
   81 -0.004561  1.18465e+00  2.5767e-01
   82 -0.004464  1.65080e+00  3.0827e-01
   83 -0.004367  1.53872e+00  3.2673e-01
   84 -0.004270  1.60991e+00  3.6079e-01
   85 -0.004173  1.04407e+00  3.0086e-01
   86 -0.004076  1.67058e+00  3.8120e-01
   87 -0.003979  1.85781e+00  3.8812e-01
   88 -0.003882  1.65317e+00  3.3832e-01
   89 -0.003785  1.42372e+00  2.8970e-01
   90 -0.003688  1.84896e+00  3.2842e-01
   91 -0.003591  2.11934e+00  3.6851e-01
   92 -0.003494  1.45573e+00  3.1713e-01
   93 -0.003397  1.88539e+00  3.7050e-01
   94 -0.003300  1.57055e+00  3.4108e-01
   95 -0.003203  1.56178e+00  3.3300e-01
   96 -0.003106  1.65755e+00  3.3216e-01
   97 -0.003009  1.26707e+00  2.9139e-01
   98 -0.002912  1.81973e+00  3.6372e-01
   99 -0.002815  1.78532e+00  3.7180e-01
  100 -0.002717  2.05002e+00  3.9394e-01
  101 -0.002620  3.01335e+00  4.6056e-01
  102 -0.002523  2.49241e+00  3.9383e-01
  103 -0.002426  2.20053e+00  3.5270e-01
  104 -0.002329  2.43620e+00  3.7486e-01
  105 -0.002232  2.76389e+00  4.2209e-01
  106 -0.002135  2.71991e+00  4.4150e-01
  107 -0.002038  2.87737e+00  4.6653e-01
  108 -0.001941  2.62542e+00  4.4306e-01
  109 -0.001844  3.70875e+00  5.1012e-01
  110 -0.001747  3.18463e+00  4.5968e-01
  111 -0.001650  3.95555e+00  5.1522e-01
  112 -0.001553  4.05154e+00  5.3630e-01
  113 -0.001456  4.49862e+00  5.6630e-01
  114 -0.001359  5.08308e+00  5.9908e-01
  115 -0.001262  5.06048e+00  5.8428e-01
  116 -0.001165  6.00804e+00  6.1348e-01
  117 -0.001068  6.82832e+00  6.3429e-01
  118 -0.000971  8.60991e+00  7.2471e-01
  119 -0.000873  1.30776e+01  9.5149e-01
  120 -0.000776  2.01047e+01  1.2495e+00
  121 -0.000679  3.28003e+01  1.6367e+00
  122 -0.000582  4.43243e+01  1.8985e+00
  123 -0.000485  7.04071e+01  2.3252e+00
  124 -0.000388  1.04961e+02  2.6785e+00
  125 -0.000291  1.50646e+02  3.0151e+00
  126 -0.000194  2.00367e+02  3.3648e+00
  127 -0.000097  2.42150e+02  3.7315e+00
  128  0.000000  2.66204e+02  4.0214e+00
  129  0.000097  2.70600e+02  4.1759e+00
  130  0.000194  2.34148e+02  3.9328e+00
  131  0.000291  1.84858e+02  3.5908e+00
  132  0.000388  1.48520e+02  3.4099e+00
  133  0.000485  1.21449e+02  3.1703e+00
  134  0.000582  8.96442e+01  2.6568e+00
  135  0.000679  6.47693e+01  2.1392e+00
  136  0.000776  3.97383e+01  1.5524e+00
  137  0.000873  2.52315e+01  1.1809e+00
  138  0.000971  1.32861e+01  8.7039e-01
  139  0.001068  1.11835e+01  8.6251e-01
  140  0.001165  9.54595e+00  8.5089e-01
  141  0.001262  8.38644e+00  8.2211e-01
  142  0.001359  8.69651e+00  8.3263e-01
  143  0.001456  7.85608e+00  7.6598e-01
  144  0.001553  8.23430e+00  7.5563e-01
  145  0.001650  8.17764e+00  7.3730e-01
  146  0.001747  8.23247e+00  7.3626e-01
  147  0.001844  9.02712e+00  7.7200e-01
  148  0.001941  8.92488e+00  7.7426e-01
  149  0.002038  7.22867e+00  7.0836e-01
  150  0.002135  6.94211e+00  7.0150e-01
  151  0.002232  7.82923e+00  7.5765e-01
  152  0.002329  5.52826e+00  6.4964e-01
  153  0.002426  6.55039e+00  7.1616e-01
  154  0.002523  5.20590e+00  6.3077e-01
  155  0.002620  4.75471e+00  5.9004e-01
  156  0.002717  3.68914e+00  5.0705e-01
  157  0.002815  3.46169e+00  4.8975e-01
  158  0.002912  2.82933e+00  4.4843e-01
  159  0.003009  1.82232e+00  3.6871e-01
  160  0.003106  2.52425e+00  4.4049e-01
  161  0.003203  1.77564e+00  3.6973e-01
  162  0.003300  1.92484e+00  3.7725e-01
  163  0.003397  1.85009e+00  3.6507e-01
  164  0.003494  1.98192e+00  3.7944e-01
  165  0.003591  2.16776e+00  4.0412e-01
  166  0.003688  1.39144e+00  3.2594e-01
  167  0.003785  1.82373e+00  3.7288e-01
  168  0.003882  1.82882e+00  3.7177e-01
  169  0.003979  1.54686e+00  3.3988e-01
  170  0.004076  1.13771e+00  2.9093e-01
  171  0.004173  1.70733e+00  3.6543e-01
  172  0.004270  1.25582e+00  3.2571e-01
  173  0.004367  1.25882e+00  3.3485e-01
  174  0.004464  1.88021e+00  4.0940e-01
  175  0.004561  1.60353e+00  3.6972e-01
  176  0.004659  1.17837e+00  3.0428e-01
  177  0.004756  1.03056e+00  2.7212e-01
  178  0.004853  1.54118e+00  3.2382e-01
  179  0.004950  8.40236e-01  2.4155e-01
  180  0.005047  1.07240e+00  2.8608e-01
  181  0.005144  1.53016e+00  3.6066e-01
  182  0.005241  1.08183e+00  3.1229e-01
  183  0.005338  1.36119e+00  3.5210e-01
  184  0.005435  8.22809e-01  2.7342e-01
  185  0.005532  5.50656e-01  2.2587e-01
  186  0.005629  6.58519e-01  2.5207e-01
  187  0.005726  4.26191e-01  2.0568e-01
  188  0.005823  1.67554e+00  4.0854e-01
  189  0.005920  1.14639e+00  3.3011e-01
  190  0.006017  9.73950e-01  2.9366e-01
  191  0.006114  8.89318e-01  2.6970e-01
  192  0.006211  8.69674e-01  2.6072e-01
  193  0.006308  9.60316e-01  2.7499e-01
  194  0.006405  1.23082e+00  3.1990e-01
  195  0.006503  7.13840e-01  2.4926e-01
  196  0.006600  1.12680e+00  3.1415e-01
  197  0.006697  1.13761e+00  3.1635e-01
  198  0.006794  9.60773e-01  2.9062e-01
  199  0.006891  8.87785e-01  2.8381e-01
  200  0.006988  6.88982e-01  2.5784e-01
  201  0.007085  1.38095e+00  3.7776e-01
  202  0.007182  1.57126e+00  4.1288e-01
  203  0.007279  1.36187e+00  3.8957e-01
  204  0.007376  1.20481e+00  3.6456e-01
  205  0.007473  3.43551e-01  1.9117e-01
  206  0.007570  8.20108e-01  2.8853e-01
  207  0.007667  1.21003e+00  3.4189e-01
  208  0.007764  1.09714e+00  3.1160e-01
  209  0.007861  1.15284e+00  2.9686e-01
  210  0.007958  1.30546e+00  3.1738e-01
  211  0.008055  8.51652e-01  2.8257e-01
  212  0.008152  9.20674e-01  3.1277e-01
  213  0.008249  6.98490e-01  2.7932e-01
  214  0.008347  9.27055e-01  3.2953e-01
  215  0.008444  1.35364e+00  4.0815e-01
  216  0.008541  1.12163e+00  3.7573e-01
  217  0.008638  1.72911e+00  4.6513e-01
  218  0.008735  4.06184e-01  2.2166e-01
  219  0.008832  9.15599e-01  3.2745e-01
  220  0.008929  1.21257e+00  3.6873e-01
  221  0.009026  8.30489e-01  3.0401e-01
  222  0.009123  1.52807e+00  4.1399e-01
  223  0.009220  1.05976e+00  3.3359e-01
  224  0.009317  7.70767e-01  2.7586e-01
  225  0.009414  1.13098e+00  3.3662e-01
  226  0.009511  9.99664e-01  3.1928e-01
  227  0.009608  9.01129e-01  3.1288e-01
  228  0.009705  7.43026e-01  3.0588e-01
  229  0.009802  8.10368e-01  3.3655e-01
  230  0.009899  7.34956e-01  3.2545e-01
  231  0.009996  8.01140e-01  3.3287e-01
  232  0.010093  5.18912e-01  2.5624e-01
  233  0.010191  3.78191e-01  2.0454e-01
  234  0.010288  1.34004e+00  3.5543e-01
  235  0.010385  8.76590e-01  2.6957e-01
  236  0.010482  7.21290e-01  2.4999e-01
  237  0.010579  9.65315e-01  2.9698e-01
  238  0.010676  6.78882e-01  2.7222e-01
  239  0.010773  1.50660e+00  4.6372e-01
  240  0.010870  1.41091e+00  4.5908e-01
  241  0.010967  1.74915e+00  5.1224e-01
  242  0.011064  5.53969e-01  2.9806e-01
  243  0.011161  1.65020e+00  5.3104e-01
  244  0.011258  1.25719e+00  4.6019e-01
  245  0.011355  8.36429e-01  3.5185e-01
  246  0.011452  1.12947e+00  3.7650e-01
  247  0.011549  1.09343e+00  3.5975e-01
  248  0.011646  1.44535e+00  3.9133e-01
  249  0.011743  8.28076e-01  2.6030e-01
  250  0.011840  1.31279e+00  2.7374e-01
  251  0.011937  1.09384e+00  2.2939e-01
  252  0.012035  8.11570e-01  1.8201e-01
  253  0.012132  1.02191e+00  1.8390e-01
  254  0.012229  9.21039e-01  1.6032e-01
  255  0.012326  1.12893e+00  1.3072e-01
  258    1    2    0    0    0    0  255
 TiCrHx 400K  # experiment title
 111.00   2.080  0.0000  400.000   0.0 0
                  0.0971  0.0000  0.0000
    1 -0.012326  6.75200e-01  3.0512e-01
    2 -0.012229  8.23136e-01  8.9894e-02
    3 -0.012132  8.02223e-01  1.1019e-01
    4 -0.012035  7.91718e-01  1.4278e-01
    5 -0.011937  8.67410e-01  1.8134e-01
    6 -0.011840  7.76829e-01  1.9113e-01
    7 -0.011743  6.77480e-01  1.7304e-01
    8 -0.011646  9.07670e-01  2.1467e-01
    9 -0.011549  1.47173e+00  3.0192e-01
   10 -0.011452  7.07976e-01  2.0241e-01
   11 -0.011355  8.06311e-01  1.8298e-01
   12 -0.011258  8.21667e-01  1.6652e-01
   13 -0.011161  9.80379e-01  2.2177e-01
   14 -0.011064  1.13064e+00  2.6318e-01
   15 -0.010967  7.72408e-01  2.2297e-01
   16 -0.010870  7.50322e-01  2.3997e-01
   17 -0.010773  1.03084e+00  3.0621e-01
   18 -0.010676  8.11044e-01  2.7202e-01
   19 -0.010579  1.04291e+00  2.8203e-01
   20 -0.010482  9.66790e-01  2.3773e-01
   21 -0.010385  8.95212e-01  2.1714e-01
   22 -0.010288  7.25369e-01  2.0039e-01
   23 -0.010191  9.12640e-01  2.4578e-01
   24 -0.010093  1.06378e+00  2.9275e-01
   25 -0.009996  1.32778e+00  3.5262e-01
   26 -0.009899  8.50826e-01  2.9339e-01
   27 -0.009802  8.43489e-01  2.9454e-01
   28 -0.009705  6.07815e-01  2.4816e-01
   29 -0.009608  1.07722e+00  3.2338e-01
   30 -0.009511  7.02125e-01  2.4980e-01
   31 -0.009414  1.19708e+00  3.0110e-01
   32 -0.009317  6.33422e-01  2.0223e-01
   33 -0.009220  1.12278e+00  2.6933e-01
   34 -0.009123  1.01379e+00  2.7278e-01
   35 -0.009026  3.38152e-01  1.6350e-01
   36 -0.008929  6.35697e-01  2.2739e-01
   37 -0.008832  4.07267e-01  1.8380e-01
   38 -0.008735  8.28939e-01  2.6097e-01
   39 -0.008638  6.73550e-01  2.3429e-01
   40 -0.008541  8.04784e-01  2.5679e-01
   41 -0.008444  9.55631e-01  2.8815e-01
   42 -0.008347  9.36566e-01  2.9370e-01
   43 -0.008249  9.64384e-01  3.0374e-01
   44 -0.008152  9.96786e-01  3.0646e-01
   45 -0.008055  9.63908e-01  2.9282e-01
   46 -0.007958  1.12735e+00  3.0127e-01
   47 -0.007861  8.91485e-01  2.5647e-01
   48 -0.007764  1.28862e+00  3.0372e-01
   49 -0.007667  6.72234e-01  2.2406e-01
   50 -0.007570  9.13527e-01  2.7256e-01
   51 -0.007473  1.00364e+00  2.9350e-01
   52 -0.007376  1.04813e+00  3.0254e-01
   53 -0.007279  9.05154e-01  2.8204e-01
   54 -0.007182  1.17693e+00  3.2462e-01
   55 -0.007085  9.82928e-01  2.9739e-01
   56 -0.006988  1.23307e+00  3.2958e-01
   57 -0.006891  9.13934e-01  2.7559e-01
   58 -0.006794  1.26900e+00  3.1034e-01
   59 -0.006697  9.41152e-01  2.5152e-01
   60 -0.006600  1.29961e+00  2.8405e-01
   61 -0.006503  1.13700e+00  2.7257e-01
   62 -0.006405  1.32345e+00  3.2226e-01
   63 -0.006308  1.11906e+00  3.2220e-01
   64 -0.006211  1.18619e+00  3.4613e-01
   65 -0.006114  1.07338e+00  3.3225e-01
   66 -0.006017  1.80445e+00  4.1810e-01
   67 -0.005920  8.68384e-01  2.7214e-01
   68 -0.005823  8.38736e-01  2.4155e-01
   69 -0.005726  8.03624e-01  2.2241e-01
   70 -0.005629  1.18868e+00  2.8111e-01
   71 -0.005532  1.72734e+00  3.6198e-01
   72 -0.005435  1.49620e+00  3.4944e-01
   73 -0.005338  1.32208e+00  3.3341e-01
   74 -0.005241  1.23019e+00  3.1706e-01
   75 -0.005144  1.29013e+00  3.2307e-01
   76 -0.005047  1.58280e+00  3.6312e-01
   77 -0.004950  7.83789e-01  2.5837e-01
   78 -0.004853  1.49545e+00  3.5398e-01
   79 -0.004756  8.61825e-01  2.5986e-01
   80 -0.004659  9.81556e-01  2.6146e-01
   81 -0.004561  1.76340e+00  3.2959e-01
   82 -0.004464  1.47851e+00  3.0586e-01
   83 -0.004367  1.61122e+00  3.5051e-01
   84 -0.004270  2.37190e+00  4.5912e-01
   85 -0.004173  1.81058e+00  4.1537e-01
   86 -0.004076  1.25095e+00  3.4583e-01
   87 -0.003979  9.87433e-01  2.9664e-01
   88 -0.003882  1.31140e+00  3.1590e-01
   89 -0.003785  2.11510e+00  3.7019e-01
   90 -0.003688  1.48429e+00  3.0850e-01
   91 -0.003591  1.95628e+00  3.7118e-01
   92 -0.003494  1.14186e+00  2.9445e-01
   93 -0.003397  1.59505e+00  3.5727e-01
   94 -0.003300  1.30293e+00  3.2570e-01
   95 -0.003203  1.66184e+00  3.6013e-01
   96 -0.003106  2.25835e+00  4.0648e-01
   97 -0.003009  1.69394e+00  3.5323e-01
   98 -0.002912  2.63898e+00  4.5921e-01
   99 -0.002815  1.87685e+00  3.9966e-01
  100 -0.002717  2.23464e+00  4.3120e-01
  101 -0.002620  1.86496e+00  3.7985e-01
  102 -0.002523  2.18662e+00  3.8673e-01
  103 -0.002426  1.98804e+00  3.5146e-01
  104 -0.002329  2.41030e+00  3.9091e-01
  105 -0.002232  3.52434e+00  4.9969e-01
  106 -0.002135  1.60284e+00  3.5531e-01
  107 -0.002038  3.39583e+00  5.3135e-01
  108 -0.001941  3.12255e+00  5.0658e-01
  109 -0.001844  2.54879e+00  4.4334e-01
  110 -0.001747  3.27098e+00  4.8842e-01
  111 -0.001650  2.95753e+00  4.6705e-01
  112 -0.001553  2.81559e+00  4.6870e-01
  113 -0.001456  3.36921e+00  5.1379e-01
  114 -0.001359  4.41678e+00  5.8545e-01
  115 -0.001262  4.88517e+00  6.0184e-01
  116 -0.001165  4.54907e+00  5.5964e-01
  117 -0.001068  5.42888e+00  5.9292e-01
  118 -0.000971  7.30660e+00  6.9989e-01
  119 -0.000873  9.20594e+00  8.3687e-01
  120 -0.000776  1.16092e+01  9.9529e-01
  121 -0.000679  1.59643e+01  1.1967e+00
  122 -0.000582  2.29441e+01  1.4314e+00
  123 -0.000485  3.27543e+01  1.6615e+00
  124 -0.000388  5.44271e+01  2.0202e+00
  125 -0.000291  7.51232e+01  2.2289e+00
  126 -0.000194  9.53289e+01  2.4283e+00
  127 -0.000097  1.30817e+02  2.8691e+00
  128  0.000000  1.51721e+02  3.1756e+00
  129  0.000097  1.86173e+02  3.6248e+00
  130  0.000194  2.07339e+02  3.8768e+00
  131  0.000291  2.04932e+02  3.9638e+00
  132  0.000388  1.98661e+02  4.1370e+00
  133  0.000485  2.02940e+02  4.3013e+00
  134  0.000582  1.98190e+02  4.1482e+00
  135  0.000679  1.87261e+02  3.8206e+00
  136  0.000776  1.73052e+02  3.4036e+00
  137  0.000873  1.50428e+02  3.0290e+00
  138  0.000971  1.32627e+02  2.8886e+00
  139  0.001068  1.12651e+02  2.8746e+00
  140  0.001165  1.02763e+02  2.9313e+00
  141  0.001262  7.98390e+01  2.6624e+00
  142  0.001359  6.71062e+01  2.4271e+00
  143  0.001456  5.79396e+01  2.1826e+00
  144  0.001553  4.58441e+01  1.8703e+00
  145  0.001650  3.78111e+01  1.6629e+00
  146  0.001747  2.91227e+01  1.4523e+00
  147  0.001844  2.52950e+01  1.3552e+00
  148  0.001941  1.97681e+01  1.2083e+00
  149  0.002038  1.46784e+01  1.0584e+00
  150  0.002135  1.17455e+01  9.5669e-01
  151  0.002232  8.89269e+00  8.4655e-01
  152  0.002329  8.88401e+00  8.6342e-01
  153  0.002426  6.11484e+00  7.2541e-01
  154  0.002523  6.04686e+00  7.1272e-01
  155  0.002620  6.16923e+00  7.0464e-01
  156  0.002717  4.45409e+00  5.8411e-01
  157  0.002815  3.45496e+00  5.1294e-01
  158  0.002912  4.18729e+00  5.7193e-01
  159  0.003009  2.63064e+00  4.6444e-01
  160  0.003106  2.29138e+00  4.3999e-01
  161  0.003203  2.37463e+00  4.4826e-01
  162  0.003300  3.23364e+00  5.1263e-01
  163  0.003397  1.91651e+00  3.8955e-01
  164  0.003494  1.58809e+00  3.5609e-01
  165  0.003591  1.76018e+00  3.8177e-01
  166  0.003688  1.89814e+00  3.9911e-01
  167  0.003785  1.86602e+00  3.9543e-01
  168  0.003882  9.27163e-01  2.7751e-01
  169  0.003979  3.15394e+00  5.0882e-01
  170  0.004076  1.16126e+00  3.0814e-01
  171  0.004173  1.31145e+00  3.3577e-01
  172  0.004270  2.66794e+00  4.9772e-01
  173  0.004367  1.68609e+00  4.0629e-01
  174  0.004464  1.56764e+00  3.9191e-01
  175  0.004561  1.24024e+00  3.4088e-01
  176  0.004659  1.62457e+00  3.7456e-01
  177  0.004756  1.25591e+00  3.1494e-01
  178  0.004853  1.94050e+00  3.8094e-01
  179  0.004950  1.54201e+00  3.4307e-01
  180  0.005047  1.66463e+00  3.7368e-01
  181  0.005144  1.49987e+00  3.7435e-01
  182  0.005241  1.56926e+00  3.9432e-01
  183  0.005338  1.99631e+00  4.4705e-01
  184  0.005435  1.48635e+00  3.8527e-01
  185  0.005532  9.39289e-01  3.0927e-01
  186  0.005629  7.54629e-01  2.8289e-01
  187  0.005726  1.62371e+00  4.2090e-01
  188  0.005823  1.42316e+00  3.9474e-01
  189  0.005920  1.57983e+00  4.0628e-01
  190  0.006017  6.02193e-01  2.4209e-01
  191  0.006114  7.92341e-01  2.6689e-01
  192  0.006211  1.38015e+00  3.4434e-01
  193  0.006308  1.21180e+00  3.2385e-01
  194  0.006405  1.07255e+00  3.1307e-01
  195  0.006503  1.26909e+00  3.4843e-01
  196  0.006600  1.61694e+00  3.9453e-01
  197  0.006697  1.64357e+00  3.9865e-01
  198  0.006794  1.34580e+00  3.6061e-01
  199  0.006891  1.01832e+00  3.1867e-01
  200  0.006988  1.04529e+00  3.3295e-01
  201  0.007085  9.58394e-01  3.2993e-01
  202  0.007182  8.08688e-01  3.1053e-01
  203  0.007279  1.06567e+00  3.6128e-01
  204  0.007376  5.03202e-01  2.4700e-01
  205  0.007473  1.02514e+00  3.4621e-01
  206  0.007570  1.15026e+00  3.5824e-01
  207  0.007667  1.49494e+00  3.9841e-01
  208  0.007764  1.22566e+00  3.4528e-01
  209  0.007861  1.12609e+00  3.0759e-01
  210  0.007958  1.49178e+00  3.5569e-01
  211  0.008055  1.16749e+00  3.4685e-01
  212  0.008152  1.50841e+00  4.1972e-01
  213  0.008249  1.48362e+00  4.2678e-01
  214  0.008347  1.12550e+00  3.8066e-01
  215  0.008444  5.99739e-01  2.8482e-01
  216  0.008541  1.34710e+00  4.3169e-01
  217  0.008638  9.74881e-01  3.6615e-01
  218  0.008735  1.41463e+00  4.3369e-01
  219  0.008832  7.83627e-01  3.1759e-01
  220  0.008929  1.24349e+00  3.9147e-01
  221  0.009026  8.56031e-01  3.2358e-01
  222  0.009123  6.51109e-01  2.8331e-01
  223  0.009220  1.14331e+00  3.6325e-01
  224  0.009317  1.08519e+00  3.4316e-01
  225  0.009414  1.39961e+00  3.9259e-01
  226  0.009511  1.43476e+00  4.0102e-01
  227  0.009608  1.44412e+00  4.1525e-01
  228  0.009705  4.84146e-01  2.5886e-01
  229  0.009802  1.02903e+00  3.9760e-01
  230  0.009899  6.81941e-01  3.2866e-01
  231  0.009996  1.04868e+00  3.9927e-01
  232  0.010093  1.39088e+00  4.3982e-01
  233  0.010191  1.01125e+00  3.5066e-01
  234  0.010288  1.72880e+00  4.2325e-01
  235  0.010385  1.43835e+00  3.6202e-01
  236  0.010482  7.61718e-01  2.6933e-01
  237  0.010579  1.32729e+00  3.6509e-01
  238  0.010676  1.23953e+00  3.8564e-01
  239  0.010773  1.53432e+00  4.9061e-01
  240  0.010870  1.24003e+00  4.5120e-01
  241  0.010967  1.17240e+00  4.3965e-01
  242  0.011064  9.81792e-01  4.1600e-01
  243  0.011161  1.85728e+00  5.9064e-01
  244  0.011258  8.61680e-01  3.9942e-01
  245  0.011355  4.68980e-01  2.7621e-01
  246  0.011452  8.43813e-01  3.4117e-01
  247  0.011549  9.41690e-01  3.5001e-01
  248  0.011646  1.15074e+00  3.6607e-01
  249  0.011743  1.18014e+00  3.2579e-01
  250  0.011840  1.37260e+00  2.9345e-01
  251  0.011937  1.20966e+00  2.5291e-01
  252  0.012035  1.25595e+00  2.3739e-01
  253  0.012132  1.17786e+00  2.0699e-01
  254  0.012229  1.31151e+00  2.0057e-01
  255  0.012326  1.20129e+00  1.4137e-01
  258    1    2    0    0    0    0  255
 TiCrHx 400K  # experiment title
 131.00   2.080  0.0000  400.000   0.0 0
                  0.0971  0.0000  0.0000
    1 -0.012326  1.41809e+00  4.2217e-01
    2 -0.012229  1.13269e+00  1.0068e-01
    3 -0.012132  1.05545e+00  1.2066e-01
    4 -0.012035  9.73769e-01  1.5118e-01
    5 -0.011937  9.11108e-01  1.7743e-01
    6 -0.011840  9.37693e-01  2.0048e-01
    7 -0.011743  1.02797e+00  2.0350e-01
    8 -0.011646  5.90712e-01  1.6534e-01
    9 -0.011549  7.51074e-01  2.0592e-01
   10 -0.011452  1.25652e+00  2.5745e-01
   11 -0.011355  1.17517e+00  2.1091e-01
   12 -0.011258  1.32852e+00  2.0216e-01
   13 -0.011161  8.03500e-01  1.9168e-01
   14 -0.011064  1.31467e+00  2.7094e-01
   15 -0.010967  5.41211e-01  1.7819e-01
   16 -0.010870  7.61645e-01  2.3083e-01
   17 -0.010773  1.05951e+00  2.9639e-01
   18 -0.010676  1.00714e+00  2.8940e-01
   19 -0.010579  4.24655e-01  1.7181e-01
   20 -0.010482  4.79527e-01  1.5984e-01
   21 -0.010385  7.73125e-01  1.9265e-01
   22 -0.010288  1.05959e+00  2.3123e-01
   23 -0.010191  7.30158e-01  2.0988e-01
   24 -0.010093  1.01269e+00  2.7270e-01
   25 -0.009996  9.21443e-01  2.8045e-01
   26 -0.009899  6.64310e-01  2.4750e-01
   27 -0.009802  1.23743e+00  3.4060e-01
   28 -0.009705  8.03515e-01  2.7241e-01
   29 -0.009608  1.39837e+00  3.5176e-01
   30 -0.009511  9.07014e-01  2.7106e-01
   31 -0.009414  1.50542e+00  3.2237e-01
   32 -0.009317  9.64208e-01  2.3822e-01
   33 -0.009220  9.89869e-01  2.4143e-01
   34 -0.009123  8.88443e-01  2.4380e-01
   35 -0.009026  1.13280e+00  2.8570e-01
   36 -0.008929  8.02035e-01  2.4385e-01
   37 -0.008832  1.09968e+00  2.8836e-01
   38 -0.008735  1.38914e+00  3.2253e-01
   39 -0.008638  6.07504e-01  2.1243e-01
   40 -0.008541  9.70863e-01  2.6927e-01
   41 -0.008444  1.26706e+00  3.1677e-01
   42 -0.008347  1.14662e+00  3.1025e-01
   43 -0.008249  4.65693e-01  2.0151e-01
   44 -0.008152  9.23193e-01  2.8157e-01
   45 -0.008055  6.75526e-01  2.3403e-01
   46 -0.007958  1.02129e+00  2.7376e-01
   47 -0.007861  1.27777e+00  2.9314e-01
   48 -0.007764  9.83809e-01  2.5336e-01
   49 -0.007667  1.01030e+00  2.6224e-01
   50 -0.007570  1.10612e+00  2.8634e-01
   51 -0.007473  7.94419e-01  2.4930e-01
   52 -0.007376  1.41469e+00  3.3556e-01
   53 -0.007279  1.20764e+00  3.1102e-01
   54 -0.007182  1.31787e+00  3.2795e-01
   55 -0.007085  1.13029e+00  3.0446e-01
   56 -0.006988  1.22180e+00  3.1322e-01
   57 -0.006891  1.59061e+00  3.4711e-01
   58 -0.006794  1.10678e+00  2.7670e-01
   59 -0.006697  1.17244e+00  2.6802e-01
   60 -0.006600  1.29374e+00  2.7057e-01
   61 -0.006503  1.19112e+00  2.6635e-01
   62 -0.006405  1.34492e+00  3.1015e-01
   63 -0.006308  6.19303e-01  2.2884e-01
   64 -0.006211  1.36318e+00  3.5425e-01
   65 -0.006114  1.30658e+00  3.4997e-01
   66 -0.006017  8.05637e-01  2.6671e-01
   67 -0.005920  1.08830e+00  2.9087e-01
   68 -0.005823  1.19341e+00  2.7509e-01
   69 -0.005726  7.98738e-01  2.1170e-01
   70 -0.005629  1.49393e+00  3.0088e-01
   71 -0.005532  9.26378e-01  2.5308e-01
   72 -0.005435  9.66842e-01  2.6818e-01
   73 -0.005338  2.05234e+00  3.9660e-01
   74 -0.005241  1.35278e+00  3.1743e-01
   75 -0.005144  5.85970e-01  2.0787e-01
   76 -0.005047  1.66258e+00  3.5531e-01
   77 -0.004950  1.17637e+00  3.0220e-01
   78 -0.004853  1.99298e+00  3.9014e-01
   79 -0.004756  1.63541e+00  3.4176e-01
   80 -0.004659  1.45388e+00  3.0380e-01
   81 -0.004561  1.13079e+00  2.5198e-01
   82 -0.004464  1.26336e+00  2.6992e-01
   83 -0.004367  1.59847e+00  3.3332e-01
   84 -0.004270  1.85945e+00  3.8810e-01
   85 -0.004173  1.72973e+00  3.8760e-01
   86 -0.004076  1.26346e+00  3.3182e-01
   87 -0.003979  1.90603e+00  3.9348e-01
   88 -0.003882  1.27603e+00  2.9750e-01
   89 -0.003785  1.17843e+00  2.6380e-01
   90 -0.003688  1.79604e+00  3.2399e-01
   91 -0.003591  1.29094e+00  2.8787e-01
   92 -0.003494  1.64866e+00  3.3780e-01
   93 -0.003397  1.98465e+00  3.8048e-01
   94 -0.003300  1.68678e+00  3.5380e-01
   95 -0.003203  1.08350e+00  2.7762e-01
   96 -0.003106  1.79615e+00  3.4609e-01
   97 -0.003009  1.74757e+00  3.4253e-01
   98 -0.002912  2.11630e+00  3.9260e-01
   99 -0.002815  2.62827e+00  4.5153e-01
  100 -0.002717  1.97394e+00  3.8692e-01
  101 -0.002620  1.27864e+00  3.0028e-01
  102 -0.002523  2.10976e+00  3.6267e-01
  103 -0.002426  1.81090e+00  3.2025e-01
  104 -0.002329  1.85732e+00  3.2761e-01
  105 -0.002232  2.06459e+00  3.6513e-01
  106 -0.002135  2.43143e+00  4.1781e-01
  107 -0.002038  2.13124e+00  4.0187e-01
  108 -0.001941  2.38937e+00  4.2306e-01
  109 -0.001844  3.24750e+00  4.7778e-01
  110 -0.001747  3.57128e+00  4.8724e-01
  111 -0.001650  2.69483e+00  4.2564e-01
  112 -0.001553  3.97781e+00  5.3188e-01
  113 -0.001456  3.71879e+00  5.1535e-01
  114 -0.001359  3.04972e+00  4.6444e-01
  115 -0.001262  4.44910e+00  5.4834e-01
  116 -0.001165  5.08539e+00  5.6492e-01
  117 -0.001068  5.01987e+00  5.4433e-01
  118 -0.000971  7.08878e+00  6.5817e-01
  119 -0.000873  8.31674e+00  7.5941e-01
  120 -0.000776  1.19787e+01  9.6525e-01
  121 -0.000679  1.70724e+01  1.1815e+00
  122 -0.000582  2.88806e+01  1.5335e+00
  123 -0.000485  3.69252e+01  1.6844e+00
  124 -0.000388  5.30838e+01  1.9048e+00
  125 -0.000291  7.62960e+01  2.1448e+00
  126 -0.000194  9.66110e+01  2.3342e+00
  127 -0.000097  1.17639e+02  2.5975e+00
  128  0.000000  1.37503e+02  2.8862e+00
  129  0.000097  1.40595e+02  3.0058e+00
  130  0.000194  1.22193e+02  2.8380e+00
  131  0.000291  1.04520e+02  2.6986e+00
  132  0.000388  9.14479e+01  2.6754e+00
  133  0.000485  7.51256e+01  2.4936e+00
  134  0.000582  6.43230e+01  2.2515e+00
  135  0.000679  4.34223e+01  1.7525e+00
  136  0.000776  2.80252e+01  1.3046e+00
  137  0.000873  1.59921e+01  9.4084e-01
  138  0.000971  1.02799e+01  7.6627e-01
  139  0.001068  6.53553e+00  6.5990e-01
  140  0.001165  5.40581e+00  6.4085e-01
  141  0.001262  5.55800e+00  6.6985e-01
  142  0.001359  5.20094e+00  6.4445e-01
  143  0.001456  4.92586e+00  6.0706e-01
  144  0.001553  4.15983e+00  5.3752e-01
  145  0.001650  3.00237e+00  4.4711e-01
  146  0.001747  4.02026e+00  5.1494e-01
  147  0.001844  4.17045e+00  5.2516e-01
  148  0.001941  4.84619e+00  5.7102e-01
  149  0.002038  4.24108e+00  5.4305e-01
  150  0.002135  4.32790e+00  5.5437e-01
  151  0.002232  4.85351e+00  5.9705e-01
  152  0.002329  4.95742e+00  6.1574e-01
  153  0.002426  6.21119e+00  6.9801e-01
  154  0.002523  4.96825e+00  6.1677e-01
  155  0.002620  5.58228e+00  6.3993e-01
  156  0.002717  4.44833e+00  5.5730e-01
  157  0.002815  4.67023e+00  5.6938e-01
  158  0.002912  3.91602e+00  5.2805e-01
  159  0.003009  3.73227e+00  5.2816e-01
  160  0.003106  3.45528e+00  5.1584e-01
  161  0.003203  2.99742e+00  4.8083e-01
  162  0.003300  2.23184e+00  4.0659e-01
  163  0.003397  2.18789e+00  3.9737e-01
  164  0.003494  2.16788e+00  3.9721e-01
  165  0.003591  2.03216e+00  3.9163e-01
  166  0.003688  2.36518e+00  4.2535e-01
  167  0.003785  9.95730e-01  2.7577e-01
  168  0.003882  1.07204e+00  2.8489e-01
  169  0.003979  1.19414e+00  2.9890e-01
  170  0.004076  1.55889e+00  3.4086e-01
  171  0.004173  1.11051e+00  2.9498e-01
  172  0.004270  1.09672e+00  3.0465e-01
  173  0.004367  1.60237e+00  3.7814e-01
  174  0.004464  7.18727e-01  2.5335e-01
  175  0.004561  1.35853e+00  3.4061e-01
  176  0.004659  1.81045e+00  3.7751e-01
  177  0.004756  1.87155e+00  3.6705e-01
  178  0.004853  1.30198e+00  2.9790e-01
  179  0.004950  1.66620e+00  3.4047e-01
  180  0.005047  1.67812e+00  3.5820e-01
  181  0.005144  1.19232e+00  3.1866e-01
  182  0.005241  9.13008e-01  2.8715e-01
  183  0.005338  9.88802e-01  3.0037e-01
  184  0.005435  1.18327e+00  3.2819e-01
  185  0.005532  1.74754e+00  4.0275e-01
  186  0.005629  1.35861e+00  3.6240e-01
  187  0.005726  1.18724e+00  3.4361e-01
  188  0.005823  9.15881e-01  3.0232e-01
  189  0.005920  9.46449e-01  3.0022e-01
  190  0.006017  9.09069e-01  2.8397e-01
  191  0.006114  1.79248e+00  3.8325e-01
  192  0.006211  8.76520e-01  2.6199e-01
  193  0.006308  1.11502e+00  2.9659e-01
  194  0.006405  1.46112e+00  3.4886e-01
  195  0.006503  1.64480e+00  3.7871e-01
  196  0.006600  1.15831e+00  3.1880e-01
  197  0.006697  1.50433e+00  3.6412e-01
  198  0.006794  1.28396e+00  3.3628e-01
  199  0.006891  1.16818e+00  3.2586e-01
  200  0.006988  1.58787e+00  3.9179e-01
  201  0.007085  1.12340e+00  3.4103e-01
  202  0.007182  1.01014e+00  3.3135e-01
  203  0.007279  6.61533e-01  2.7176e-01
  204  0.007376  8.50350e-01  3.0655e-01
  205  0.007473  9.83392e-01  3.2373e-01
  206  0.007570  1.25199e+00  3.5682e-01
  207  0.007667  1.06483e+00  3.2102e-01
  208  0.007764  1.39029e+00  3.5109e-01
  209  0.007861  1.15482e+00  2.9739e-01
  210  0.007958  1.07582e+00  2.8838e-01
  211  0.008055  9.46945e-01  2.9823e-01
  212  0.008152  9.84909e-01  3.2379e-01
  213  0.008249  1.41681e+00  3.9818e-01
  214  0.008347  6.16985e-01  2.6907e-01
  215  0.008444  7.29180e-01  2.9983e-01
  216  0.008541  7.78908e-01  3.1339e-01
  217  0.008638  1.24266e+00  3.9467e-01
  218  0.008735  1.30042e+00  3.9699e-01
  219  0.008832  1.05574e+00  3.5194e-01
  220  0.008929  2.45276e-01  1.6599e-01
  221  0.009026  7.59733e-01  2.9104e-01
  222  0.009123  1.26761e+00  3.7740e-01
  223  0.009220  1.44284e+00  3.8959e-01
  224  0.009317  1.59192e+00  3.9681e-01
  225  0.009414  1.17518e+00  3.4345e-01
  226  0.009511  8.67107e-01  2.9763e-01
  227  0.009608  1.05614e+00  3.3903e-01
  228  0.009705  2.03093e+00  5.0619e-01
  229  0.009802  1.51191e+00  4.6012e-01
  230  0.009899  1.31380e+00  4.3553e-01
  231  0.009996  8.59820e-01  3.4516e-01
  232  0.010093  1.38133e+00  4.1846e-01
  233  0.010191  1.95990e+00  4.6607e-01
  234  0.010288  8.45497e-01  2.8258e-01
  235  0.010385  1.26692e+00  3.2437e-01
  236  0.010482  1.22451e+00  3.2602e-01
  237  0.010579  1.66751e+00  3.9069e-01
  238  0.010676  7.53628e-01  2.8708e-01
  239  0.010773  5.56158e-01  2.8200e-01
  240  0.010870  6.48918e-01  3.1162e-01
  241  0.010967  1.16862e+00  4.1907e-01
  242  0.011064  8.40134e-01  3.6739e-01
  243  0.011161  1.12003e+00  4.3790e-01
  244  0.011258  9.22064e-01  3.9447e-01
  245  0.011355  1.41363e+00  4.5784e-01
  246  0.011452  1.14631e+00  3.7965e-01
  247  0.011549  9.90996e-01  3.4280e-01
  248  0.011646  1.79201e+00  4.3614e-01
  249  0.011743  1.67942e+00  3.7105e-01
  250  0.011840  1.42413e+00  2.8537e-01
  251  0.011937  1.19208e+00  2.3969e-01
  252  0.012035  1.34998e+00  2.3497e-01
  253  0.012132  1.25141e+00  2.0369e-01
  254  0.012229  1.47141e+00  2.0282e-01
  255  0.012326  1.22561e+00  1.3633e-01
  258    1    2    0    0    0    0  255
 TiCrHx 400K  # experiment title
 151.00   2.080  0.0000  400.000   0.0 0
                  0.0971  0.0000  0.0000
    1 -0.012326  1.54866e+00  4.5856e-01
    2 -0.012229  1.82537e+00  1.3284e-01
    3 -0.012132  1.83501e+00  1.6537e-01
    4 -0.012035  1.53403e+00  1.9722e-01
    5 -0.011937  9.65391e-01  1.8984e-01
    6 -0.011840  1.45928e+00  2.5995e-01
    7 -0.011743  1.43103e+00  2.4956e-01
    8 -0.011646  1.60593e+00  2.8335e-01
    9 -0.011549  1.79044e+00  3.3046e-01
   10 -0.011452  1.44455e+00  2.8691e-01
   11 -0.011355  1.36641e+00  2.3638e-01
   12 -0.011258  1.59895e+00  2.3052e-01
   13 -0.011161  1.56518e+00  2.7806e-01
   14 -0.011064  1.35299e+00  2.8569e-01
   15 -0.010967  2.04876e+00  3.6035e-01
   16 -0.010870  1.22642e+00  3.0444e-01
   17 -0.010773  1.49263e+00  3.6564e-01
   18 -0.010676  1.66590e+00  3.8687e-01
   19 -0.010579  1.97022e+00  3.8467e-01
   20 -0.010482  1.69593e+00  3.1245e-01
   21 -0.010385  1.52941e+00  2.8164e-01
   22 -0.010288  1.45414e+00  2.8155e-01
   23 -0.010191  1.90044e+00  3.5194e-01
   24 -0.010093  2.10926e+00  4.0906e-01
   25 -0.009996  1.79969e+00  4.0737e-01
   26 -0.009899  1.36444e+00  3.6869e-01
   27 -0.009802  9.01922e-01  3.0223e-01
   28 -0.009705  2.16471e+00  4.6474e-01
   29 -0.009608  1.65467e+00  3.9771e-01
   30 -0.009511  1.73958e+00  3.9017e-01
   31 -0.009414  2.28280e+00  4.1261e-01
   32 -0.009317  1.52590e+00  3.1148e-01
   33 -0.009220  1.35985e+00  2.9413e-01
   34 -0.009123  2.10723e+00  3.9026e-01
   35 -0.009026  1.99658e+00  3.9424e-01
   36 -0.008929  2.00917e+00  4.0116e-01
   37 -0.008832  1.81979e+00  3.8556e-01
   38 -0.008735  1.41175e+00  3.3795e-01
   39 -0.008638  1.54596e+00  3.5223e-01
   40 -0.008541  1.35018e+00  3.3005e-01
   41 -0.008444  1.01191e+00  2.9424e-01
   42 -0.008347  1.10382e+00  3.1640e-01
   43 -0.008249  1.67972e+00  3.9778e-01
   44 -0.008152  1.50001e+00  3.7306e-01
   45 -0.008055  1.48901e+00  3.6115e-01
   46 -0.007958  1.21490e+00  3.1035e-01
   47 -0.007861  1.70834e+00  3.5231e-01
   48 -0.007764  1.26327e+00  2.9840e-01
   49 -0.007667  1.56173e+00  3.3889e-01
   50 -0.007570  1.20725e+00  3.1092e-01
   51 -0.007473  2.58117e+00  4.6708e-01
   52 -0.007376  2.03634e+00  4.1846e-01
   53 -0.007279  2.22384e+00  4.3869e-01
   54 -0.007182  1.76323e+00  3.9428e-01
   55 -0.007085  2.01206e+00  4.2222e-01
   56 -0.006988  1.17128e+00  3.1875e-01
   57 -0.006891  1.21563e+00  3.1540e-01
   58 -0.006794  1.34508e+00  3.1705e-01
   59 -0.006697  1.43346e+00  3.0803e-01
   60 -0.006600  1.15405e+00  2.6561e-01
   61 -0.006503  2.08857e+00  3.6659e-01
   62 -0.006405  1.29831e+00  3.1673e-01
   63 -0.006308  1.22287e+00  3.3423e-01
   64 -0.006211  1.48510e+00  3.8432e-01
   65 -0.006114  1.68963e+00  4.1365e-01
   66 -0.006017  1.62175e+00  3.9332e-01
   67 -0.005920  1.46330e+00  3.5056e-01
   68 -0.005823  1.42184e+00  3.1209e-01
   69 -0.005726  1.51176e+00  3.0272e-01
   70 -0.005629  1.17076e+00  2.7684e-01
   71 -0.005532  2.22818e+00  4.0796e-01
   72 -0.005435  1.66539e+00  3.6584e-01
   73 -0.005338  1.88557e+00  3.9512e-01
   74 -0.005241  1.59611e+00  3.5838e-01
   75 -0.005144  1.58060e+00  3.5485e-01
   76 -0.005047  1.89099e+00  3.9385e-01
   77 -0.004950  1.83670e+00  3.9249e-01
   78 -0.004853  7.79396e-01  2.5358e-01
   79 -0.004756  1.83248e+00  3.7601e-01
   80 -0.004659  1.81210e+00  3.5252e-01
   81 -0.004561  2.73892e+00  4.0761e-01
   82 -0.004464  1.57783e+00  3.1354e-01
   83 -0.004367  1.35820e+00  3.1934e-01
   84 -0.004270  1.50265e+00  3.6262e-01
   85 -0.004173  2.04383e+00  4.3792e-01
   86 -0.004076  2.07101e+00  4.4156e-01
   87 -0.003979  1.93049e+00  4.1159e-01
   88 -0.003882  1.35756e+00  3.1894e-01
   89 -0.003785  1.97502e+00  3.5497e-01
   90 -0.003688  2.19538e+00  3.7231e-01
   91 -0.003591  2.36560e+00  4.0504e-01
   92 -0.003494  2.54482e+00  4.3621e-01
   93 -0.003397  2.12477e+00  4.0919e-01
   94 -0.003300  1.85728e+00  3.8588e-01
   95 -0.003203  2.37186e+00  4.2694e-01
   96 -0.003106  2.07777e+00  3.8690e-01
   97 -0.003009  2.25087e+00  4.0405e-01
   98 -0.002912  1.59005e+00  3.5371e-01
   99 -0.002815  1.91517e+00  4.0062e-01
  100 -0.002717  2.13024e+00  4.1777e-01
  101 -0.002620  2.28750e+00  4.1746e-01
  102 -0.002523  1.75791e+00  3.4409e-01
  103 -0.002426  2.25598e+00  3.7152e-01
  104 -0.002329  2.32293e+00  3.8081e-01
  105 -0.002232  2.56172e+00  4.2274e-01
  106 -0.002135  2.64055e+00  4.5255e-01
  107 -0.002038  2.95052e+00  4.9148e-01
  108 -0.001941  2.33565e+00  4.3475e-01
  109 -0.001844  1.46146e+00  3.3312e-01
  110 -0.001747  2.21809e+00  3.9910e-01
  111 -0.001650  2.03343e+00  3.8429e-01
  112 -0.001553  2.99250e+00  4.7949e-01
  113 -0.001456  2.16811e+00  4.0898e-01
  114 -0.001359  2.81951e+00  4.6416e-01
  115 -0.001262  2.27055e+00  4.0714e-01
  116 -0.001165  2.30515e+00  3.9530e-01
  117 -0.001068  3.56789e+00  4.7696e-01
  118 -0.000971  3.69652e+00  4.9397e-01
  119 -0.000873  4.34021e+00  5.7016e-01
  120 -0.000776  4.03237e+00  5.8200e-01
  121 -0.000679  4.41722e+00  6.2453e-01
  122 -0.000582  5.01176e+00  6.6368e-01
  123 -0.000485  7.12169e+00  7.6845e-01
  124 -0.000388  8.70464e+00  8.0109e-01
  125 -0.000291  1.21444e+01  8.8839e-01
  126 -0.000194  1.74882e+01  1.0308e+00
  127 -0.000097  2.60963e+01  1.2694e+00
  128  0.000000  3.15197e+01  1.4335e+00
  129  0.000097  4.75255e+01  1.8133e+00
  130  0.000194  6.05486e+01  2.0740e+00
  131  0.000291  6.86089e+01  2.2709e+00
  132  0.000388  7.15645e+01  2.4589e+00
  133  0.000485  8.13315e+01  2.6968e+00
  134  0.000582  8.94613e+01  2.7608e+00
  135  0.000679  8.75730e+01  2.5885e+00
  136  0.000776  8.91698e+01  2.4212e+00
  137  0.000873  9.08254e+01  2.3333e+00
  138  0.000971  8.41468e+01  2.2814e+00
  139  0.001068  8.69195e+01  2.5046e+00
  140  0.001165  7.16633e+01  2.4279e+00
  141  0.001262  7.11499e+01  2.4937e+00
  142  0.001359  6.38804e+01  2.3498e+00
  143  0.001456  6.29724e+01  2.2582e+00
  144  0.001553  5.76965e+01  2.0825e+00
  145  0.001650  4.70957e+01  1.8419e+00
  146  0.001747  4.41374e+01  1.7746e+00
  147  0.001844  3.61352e+01  1.6076e+00
  148  0.001941  2.81235e+01  1.4303e+00
  149  0.002038  2.28366e+01  1.3102e+00
  150  0.002135  1.68158e+01  1.1360e+00
  151  0.002232  1.45767e+01  1.0756e+00
  152  0.002329  1.05848e+01  9.3525e-01
  153  0.002426  7.70294e+00  8.0795e-01
  154  0.002523  5.96271e+00  7.0230e-01
  155  0.002620  5.16961e+00  6.4007e-01
  156  0.002717  5.35290e+00  6.3543e-01
  157  0.002815  4.31835e+00  5.6907e-01
  158  0.002912  4.02217e+00  5.5624e-01
  159  0.003009  3.22181e+00  5.1004e-01
  160  0.003106  2.83354e+00  4.8552e-01
  161  0.003203  2.33013e+00  4.4063e-01
  162  0.003300  2.63219e+00  4.5895e-01
  163  0.003397  2.97051e+00  4.8126e-01
  164  0.003494  2.04975e+00  4.0145e-01
  165  0.003591  2.77516e+00  4.7569e-01
  166  0.003688  2.23114e+00  4.2939e-01
  167  0.003785  2.21494e+00  4.2751e-01
  168  0.003882  3.67037e+00  5.4793e-01
  169  0.003979  1.95939e+00  3.9796e-01
  170  0.004076  2.47549e+00  4.4646e-01
  171  0.004173  2.88487e+00  4.9418e-01
  172  0.004270  2.09838e+00  4.3801e-01
  173  0.004367  2.12038e+00  4.5213e-01
  174  0.004464  1.36814e+00  3.6331e-01
  175  0.004561  1.73974e+00  4.0063e-01
  176  0.004659  2.87858e+00  4.9477e-01
  177  0.004756  2.03288e+00  3.9761e-01
  178  0.004853  1.63084e+00  3.4654e-01
  179  0.004950  2.01758e+00  3.8941e-01
  180  0.005047  2.24708e+00  4.3082e-01
  181  0.005144  2.05356e+00  4.3467e-01
  182  0.005241  2.24463e+00  4.6799e-01
  183  0.005338  3.02366e+00  5.4596e-01
  184  0.005435  1.95562e+00  4.3854e-01
  185  0.005532  2.12291e+00  4.6139e-01
  186  0.005629  1.88590e+00  4.4379e-01
  187  0.005726  1.83307e+00  4.4378e-01
  188  0.005823  1.82010e+00  4.4298e-01
  189  0.005920  2.45664e+00  5.0275e-01
  190  0.006017  2.28795e+00  4.6826e-01
  191  0.006114  2.72710e+00  4.9135e-01
  192  0.006211  1.30108e+00  3.3176e-01
  193  0.006308  1.52853e+00  3.6093e-01
  194  0.006405  1.82354e+00  4.0509e-01
  195  0.006503  2.13513e+00  4.4848e-01
  196  0.006600  2.08521e+00  4.4459e-01
  197  0.006697  1.89746e+00  4.2505e-01
  198  0.006794  1.14822e+00  3.3053e-01
  199  0.006891  1.97076e+00  4.3992e-01
  200  0.006988  1.75258e+00  4.2782e-01
  201  0.007085  1.61453e+00  4.2494e-01
  202  0.007182  2.32257e+00  5.2223e-01
  203  0.007279  1.92958e+00  4.8242e-01
  204  0.007376  1.70780e+00  4.5154e-01
  205  0.007473  1.91309e+00  4.6932e-01
  206  0.007570  1.25994e+00  3.7205e-01
  207  0.007667  2.09153e+00  4.6763e-01
  208  0.007764  2.36418e+00  4.7587e-01
  209  0.007861  2.12411e+00  4.1921e-01
  210  0.007958  1.28673e+00  3.2780e-01
  211  0.008055  1.95345e+00  4.4522e-01
  212  0.008152  2.25193e+00  5.0890e-01
  213  0.008249  2.38678e+00  5.3717e-01
  214  0.008347  1.78532e+00  4.7575e-01
  215  0.008444  1.62120e+00  4.6468e-01
  216  0.008541  2.43986e+00  5.7652e-01
  217  0.008638  1.24271e+00  4.1022e-01
  218  0.008735  1.42841e+00  4.3245e-01
  219  0.008832  1.90117e+00  4.9089e-01
  220  0.008929  2.07413e+00  5.0171e-01
  221  0.009026  2.00272e+00  4.9115e-01
  222  0.009123  1.98745e+00  4.9118e-01
  223  0.009220  1.82923e+00  4.5595e-01
  224  0.009317  1.81662e+00  4.4059e-01
  225  0.009414  1.97315e+00  4.6257e-01
  226  0.009511  1.83320e+00  4.4981e-01
  227  0.009608  2.16394e+00  5.0441e-01
  228  0.009705  2.05712e+00  5.2950e-01
  229  0.009802  2.48067e+00  6.1260e-01
  230  0.009899  2.46360e+00  6.1991e-01
  231  0.009996  2.00712e+00  5.4813e-01
  232  0.010093  1.26116e+00  4.1559e-01
  233  0.010191  1.75847e+00  4.5886e-01
  234  0.010288  1.50880e+00  3.9236e-01
  235  0.010385  2.38061e+00  4.6217e-01
  236  0.010482  2.32424e+00  4.6687e-01
  237  0.010579  1.64868e+00  4.0377e-01
  238  0.010676  1.77180e+00  4.5752e-01
  239  0.010773  2.72863e+00  6.4924e-01
  240  0.010870  3.03590e+00  7.0059e-01
  241  0.010967  2.39861e+00  6.2404e-01
  242  0.011064  2.58369e+00  6.6968e-01
  243  0.011161  1.91315e+00  5.9486e-01
  244  0.011258  2.62910e+00  6.9234e-01
  245  0.011355  2.11939e+00  5.8268e-01
  246  0.011452  1.27051e+00  4.1543e-01
  247  0.011549  3.14172e+00  6.3442e-01
  248  0.011646  1.57309e+00  4.2473e-01
  249  0.011743  2.27068e+00  4.4844e-01
  250  0.011840  2.34751e+00  3.8082e-01
  251  0.011937  2.71377e+00  3.7590e-01
  252  0.012035  2.59573e+00  3.3866e-01
  253  0.012132  3.21017e+00  3.3910e-01
  254  0.012229  2.55289e+00  2.7768e-01
  255  0.012326  2.39191e+00  1.9795e-01
