
 Data : 300.iqw                                                     
 es                                                          
 INX05029   Metal hydrid                               
       5029         8       256
 -------------------------------------------------
 ueV 
  2
 -------------------------------------------------
 Resn-f: vanadium.iqw                                                
 -------------------------------------------------
 0.4131784       7747.486       3.293052    
 -1.9680E-01
  7.4837E-01   1.4550E-02
  1.3607E-01   3.0364E-01
  1.6310E-01
 -1.5936E-01   1.5747E-01
  3.9039E-03  -3.6434E-03   1.1367E-04
 -3.7327E-03   2.0665E-03  -2.5370E-04   1.6814E-03
  3.9655E-03   1.6305E-04   4.3233E-04  -3.2917E-03   1.2372E-02
 -------------------------------------------------
 0.5975296       6646.349       3.293052    
  4.1566E-02
  8.7670E-01   2.7391E+00
  7.3829E-01   6.3727E-01
  2.1047E-04
 -1.8334E-03   3.9452E-01
  3.9877E-03   3.8797E-01   1.7883E+00
  1.3846E-03  -3.0234E-02   1.6483E-01   3.7335E-02
  1.1965E-03  -2.4974E-02   8.1907E-02   2.0741E-02   1.4605E-02
 -------------------------------------------------
 0.8626301       20165.81       3.293052    
  7.7415E-01
  8.3869E-01   1.0761E+00
 -9.2211E-01   1.5578E+00
  3.7329E-04
  7.7317E-04   1.0428E+00
  9.6686E-04   2.3619E-01   7.8655E-02
 -1.0261E-03  -1.0390E+00  -2.4889E-01   1.0529E+00
  9.1659E-04  -3.6023E-01  -3.1117E-02   3.1880E-01   2.4495E-01
 -------------------------------------------------
  1.163575       17861.22       3.293052    
  1.3930E-01
  1.0685E+00   2.8949E-01
 -3.5164E-01   9.3077E-01
  5.5900E-03
  2.0253E-02   1.4150E-01
  7.2062E-03   3.7153E-02   1.1337E-02
 -2.4555E-02  -1.4388E-01  -4.1323E-02   1.5883E-01
 -3.4707E-02  -2.7226E-01  -6.7779E-02   2.5745E-01   5.9218E-01
 -------------------------------------------------
  1.429165       57829.37       3.293052    
  8.2050E-01
  3.6919E-01   4.7556E-01
 -2.6236E-01   7.5206E-01
  2.0698E-04
  1.3235E-03   2.8868E-01
  9.5877E-04   9.0185E-02   3.3436E-02
 -1.4755E-03  -2.8765E-01  -9.1478E-02   2.8732E-01
  7.0396E-05  -1.9850E-01  -5.0651E-02   1.9373E-01   1.6530E-01
 -------------------------------------------------
  1.651330       41765.61       3.293052    
 -4.4518E+00
  6.1316E+00   1.1272E-02
 -7.3873E-01   5.9055E-02
  2.0314E+00
 -1.5640E+00   1.9978E+00
  6.1467E-03  -2.1745E-03   2.8419E-05
 -4.6641E-01  -4.3658E-01  -3.9783E-03   9.0440E-01
 -9.9795E-03  -2.3138E-02  -1.1318E-04   3.3103E-02   1.4217E-03
 -------------------------------------------------
  1.823321       34974.96       3.293052    
  8.1631E-01
  2.3759E-01   6.0288E-01
 -1.6129E-01   1.3249E+00
  1.6072E-04
  1.2949E-03   5.5052E-02
  1.9928E-03   6.6974E-02   8.7927E-02
 -1.4605E-03  -5.6931E-02  -7.1636E-02   6.0959E-02
 -2.9933E-03  -1.7791E-01  -1.9079E-01   1.6634E-01   7.4838E-01
 -------------------------------------------------
  1.939911       19671.41       3.293052    
  1.3875E-01
  1.5842E+00   5.5016E-01
 -1.0203E+00   8.1541E-01
  8.9299E-04
  1.1512E-02   3.4011E+00
  2.5216E-03   2.5016E-01   2.4697E-02
 -1.3179E-02  -3.4158E+00  -2.6004E-01   3.4517E+00
  2.1755E-03  -5.1301E-01  -2.1224E-02   4.8697E-01   1.2968E-01
 -------------------------------------------------