
 Data : 300.iqw                                                     
 es                                                          
 INX05029   Metal hydrid                               
       5029         8       256
 -------------------------------------------------
 ueV 
  1
 -------------------------------------------------
 Resn-f: vanadium.iqw                                                
 -------------------------------------------------
 0.4131784       7747.486       3.293052    
  3.5162E-01
  3.2384E-01   1.2148E-01
  3.0835E-03
 -2.6729E-03   2.4269E-03
  1.8553E-03  -1.5723E-03   1.2106E-03
 -------------------------------------------------
 0.5975296       6646.349       3.293052    
  4.8219E-02
  9.4783E-01   7.5879E-01
  1.5282E-04
  5.4851E-04   1.1732E-02
  5.6374E-04   5.5217E-03   5.6399E-03
 -------------------------------------------------
 0.8626301       20165.81       3.293052    
  7.6628E-01
  1.5569E-01   4.9158E-01
  4.8482E-04
 -1.0106E-05   5.2083E-04
  1.5504E-03   1.4898E-03   2.2491E-02
 -------------------------------------------------
  1.163575       17861.22       3.293052    
  3.7227E-02
  9.2226E-01   1.9488E-01
  4.4990E-03
 -3.3385E-03   4.5523E-03
  1.5769E-03  -1.0681E-03   6.4177E-04
 -------------------------------------------------
  1.429165       57829.37       3.293052    
  8.0424E-01
  1.5709E-01   2.4284E-01
  3.1438E-04
 -1.5247E-04   1.8200E-04
  5.1961E-04  -3.5427E-04   1.8121E-03
 -------------------------------------------------
  1.651330       41765.61       3.293052    
 -3.0765E+00
  4.0353E+00   7.9545E-03
  1.4663E+00
 -1.4644E+00   1.4628E+00
  2.9694E-03  -2.9633E-03   6.2606E-06
 -------------------------------------------------
  1.823321       34974.96       3.293052    
  8.0668E-01
  1.3890E-01   3.6393E-01
  1.8087E-04
 -4.3291E-05   9.4890E-05
  5.6438E-04  -7.3678E-05   4.7202E-03
 -------------------------------------------------
  1.939911       19671.41       3.293052    
  1.1372E-01
  7.1333E-01   3.7145E-01
  1.1075E-03
 -9.6180E-05   4.3871E-03
  1.3519E-03   1.1174E-04   2.4682E-03
 -------------------------------------------------