  258    1    2    0    0    0    0  255
 TiCr Empty  # experiment title
  23.80   2.080  0.0000  300.000   0.0 0
                  0.0974  0.0000  0.0000
    1 -0.012375  4.29670e+00  3.0383e+00
    2 -0.012277  1.25925e+01  1.0799e+00
    3 -0.012180  1.15020e+01  1.6107e+00
    4 -0.012083  1.55009e+01  2.3920e+00
    5 -0.011985  1.12280e+01  2.3939e+00
    6 -0.011888  1.15165e+01  2.5753e+00
    7 -0.011790  1.17273e+01  2.6224e+00
    8 -0.011693  1.33137e+01  3.0545e+00
    9 -0.011595  8.60317e+00  2.4836e+00
   10 -0.011498  1.69057e+01  3.2537e+00
   11 -0.011400  8.29050e+00  2.2158e+00
   12 -0.011303  1.23421e+01  2.4206e+00
   13 -0.011206  1.66858e+01  3.4795e+00
   14 -0.011108  1.49622e+01  3.3459e+00
   15 -0.011011  7.79904e+00  2.5998e+00
   16 -0.010913  9.69488e+00  3.2318e+00
   17 -0.010816  1.02378e+01  3.4127e+00
   18 -0.010718  1.49720e+01  3.8660e+00
   19 -0.010621  1.13718e+01  2.8431e+00
   20 -0.010524  1.23405e+01  2.5733e+00
   21 -0.010426  1.32452e+01  2.8905e+00
   22 -0.010329  1.35545e+01  3.2876e+00
   23 -0.010231  1.05272e+01  3.3291e+00
   24 -0.010134  1.32912e+01  4.0077e+00
   25 -0.010036  1.91151e+01  4.9359e+00
   26 -0.009939  1.28844e+01  4.0746e+00
   27 -0.009841  6.50972e+00  2.9113e+00
   28 -0.009744  1.18165e+01  3.9390e+00
   29 -0.009647  1.41237e+01  4.2587e+00
   30 -0.009549  1.37464e+01  3.9685e+00
   31 -0.009452  9.96231e+00  3.0039e+00
   32 -0.009354  1.49090e+01  3.2536e+00
   33 -0.009257  1.78344e+01  3.4979e+00
   34 -0.009159  1.34447e+01  3.2610e+00
   35 -0.009062  1.25236e+01  3.3472e+00
   36 -0.008964  1.39514e+01  3.7289e+00
   37 -0.008867  9.97989e+00  3.3268e+00
   38 -0.008770  8.25182e+00  3.1190e+00
   39 -0.008672  4.80908e+00  2.4046e+00
   40 -0.008575  5.89552e+00  2.6366e+00
   41 -0.008477  8.21899e+00  3.1066e+00
   42 -0.008380  7.98708e+00  3.0189e+00
   43 -0.008282  1.69622e+01  4.2408e+00
   44 -0.008185  1.55324e+01  3.8833e+00
   45 -0.008088  5.55398e+00  2.2675e+00
   46 -0.007990  1.04863e+01  3.1619e+00
   47 -0.007893  1.55079e+01  3.8772e+00
   48 -0.007795  1.73678e+01  4.0939e+00
   49 -0.007698  9.69920e+00  3.0673e+00
   50 -0.007600  9.16340e+00  3.0546e+00
   51 -0.007503  1.50536e+01  4.0235e+00
   52 -0.007405  9.92789e+00  3.3094e+00
   53 -0.007308  1.09400e+01  3.4597e+00
   54 -0.007211  8.58839e+00  3.0366e+00
   55 -0.007113  1.03972e+01  3.2880e+00
   56 -0.007016  1.49643e+01  3.8640e+00
   57 -0.006918  1.74565e+01  4.1148e+00
   58 -0.006821  1.20360e+01  3.3384e+00
   59 -0.006723  8.60726e+00  2.7219e+00
   60 -0.006626  1.24407e+01  3.2123e+00
   61 -0.006528  7.73845e+00  2.5796e+00
   62 -0.006431  9.69900e+00  3.0672e+00
   63 -0.006334  1.45523e+01  4.0363e+00
   64 -0.006236  1.32405e+01  3.9924e+00
   65 -0.006139  1.21488e+01  3.8420e+00
   66 -0.006041  1.72279e+01  4.4485e+00
   67 -0.005944  1.12143e+01  3.3814e+00
   68 -0.005846  6.56454e+00  2.3210e+00
   69 -0.005749  8.71341e+00  2.5154e+00
   70 -0.005652  1.24388e+01  3.2119e+00
   71 -0.005554  1.38850e+01  3.7111e+00
   72 -0.005457  5.50411e+00  2.4616e+00
   73 -0.005359  8.08140e+00  3.0546e+00
   74 -0.005262  1.13116e+01  3.5772e+00
   75 -0.005164  1.98537e+01  4.5551e+00
   76 -0.005067  1.05168e+01  3.1711e+00
   77 -0.004969  1.49845e+01  3.6345e+00
   78 -0.004872  9.46907e+00  2.8551e+00
   79 -0.004775  1.62854e+01  3.8388e+00
   80 -0.004677  1.37914e+01  3.5611e+00
   81 -0.004580  1.14776e+01  3.1835e+00
   82 -0.004482  1.24484e+01  3.3272e+00
   83 -0.004385  1.34597e+01  3.5974e+00
   84 -0.004287  1.79188e+01  4.3463e+00
   85 -0.004190  6.65795e+00  2.7182e+00
   86 -0.004092  1.09715e+01  3.4697e+00
   87 -0.003995  7.15221e+00  2.7034e+00
   88 -0.003898  1.32580e+01  3.4234e+00
   89 -0.003800  1.15580e+01  2.9844e+00
   90 -0.003703  1.31857e+01  3.1982e+00
   91 -0.003605  7.92410e+00  2.6415e+00
   92 -0.003508  1.56760e+01  3.9192e+00
   93 -0.003410  7.42531e+00  2.8066e+00
   94 -0.003313  1.73916e+01  4.3482e+00
   95 -0.003216  1.22881e+01  3.5474e+00
   96 -0.003118  1.00588e+01  3.0330e+00
   97 -0.003021  1.18050e+01  3.1552e+00
   98 -0.002923  1.32608e+01  3.4241e+00
   99 -0.002826  1.44687e+01  3.7360e+00
  100 -0.002728  1.47136e+01  3.7993e+00
  101 -0.002631  1.34653e+01  3.5989e+00
  102 -0.002533  1.17698e+01  3.2645e+00
  103 -0.002436  8.40264e+00  2.6572e+00
  104 -0.002339  1.36283e+01  3.3055e+00
  105 -0.002241  9.28405e+00  2.7994e+00
  106 -0.002144  1.75019e+01  4.0155e+00
  107 -0.002046  1.29757e+01  3.5990e+00
  108 -0.001949  9.18205e+00  3.0608e+00
  109 -0.001851  1.58717e+01  3.9682e+00
  110 -0.001754  1.40625e+01  3.6311e+00
  111 -0.001656  9.02345e+00  2.8536e+00
  112 -0.001559  1.16432e+01  3.2294e+00
  113 -0.001462  1.25963e+01  3.3667e+00
  114 -0.001364  1.29250e+01  3.4545e+00
  115 -0.001267  1.66628e+01  3.9277e+00
  116 -0.001169  1.00427e+01  3.0281e+00
  117 -0.001072  1.24799e+01  3.3356e+00
  118 -0.000974  1.60595e+01  3.7855e+00
  119 -0.000877  2.50416e+01  4.8197e+00
  120 -0.000780  1.64819e+01  3.9977e+00
  121 -0.000682  2.85299e+01  5.2985e+00
  122 -0.000585  2.61901e+01  5.0408e+00
  123 -0.000487  2.21446e+01  4.5206e+00
  124 -0.000390  2.85572e+01  4.9718e+00
  125 -0.000292  4.47451e+01  6.0901e+00
  126 -0.000195  5.82299e+01  6.9614e+00
  127 -0.000097  7.39781e+01  7.9797e+00
  128  0.000000  8.02580e+01  8.5583e+00
  129  0.000097  9.46107e+01  9.3715e+00
  130  0.000195  1.22597e+02  1.0596e+01
  131  0.000292  1.16637e+02  1.0437e+01
  132  0.000390  1.21568e+02  1.0879e+01
  133  0.000487  1.41031e+02  1.1719e+01
  134  0.000585  1.26207e+02  1.0672e+01
  135  0.000682  1.17502e+02  9.7626e+00
  136  0.000780  9.66650e+01  8.7912e+00
  137  0.000877  7.53627e+01  7.9464e+00
  138  0.000974  6.26017e+01  7.4842e+00
  139  0.001072  4.28480e+01  6.5354e+00
  140  0.001169  5.20607e+01  7.4388e+00
  141  0.001267  5.03472e+01  7.4248e+00
  142  0.001364  4.19151e+01  6.6285e+00
  143  0.001462  2.52533e+01  4.9531e+00
  144  0.001559  2.68919e+01  4.9103e+00
  145  0.001656  2.90892e+01  4.9893e+00
  146  0.001754  2.45743e+01  4.5638e+00
  147  0.001851  1.77602e+01  3.9716e+00
  148  0.001949  1.79908e+01  4.1277e+00
  149  0.002046  1.74532e+01  4.1140e+00
  150  0.002144  1.85465e+01  4.2552e+00
  151  0.002241  1.71574e+01  4.1616e+00
  152  0.002339  1.35953e+01  3.7709e+00
  153  0.002436  1.29750e+01  3.7458e+00
  154  0.002533  1.16470e+01  3.5119e+00
  155  0.002631  2.11139e+01  4.6078e+00
  156  0.002728  1.49105e+01  3.7279e+00
  157  0.002826  1.34078e+01  3.4621e+00
  158  0.002923  1.36428e+01  3.5227e+00
  159  0.003021  1.45659e+01  3.7611e+00
  160  0.003118  1.23904e+01  3.5770e+00
  161  0.003216  1.06316e+01  3.3622e+00
  162  0.003313  1.56648e+01  4.0449e+00
  163  0.003410  2.10357e+01  4.5908e+00
  164  0.003508  1.55936e+01  3.8986e+00
  165  0.003605  1.68432e+01  4.0854e+00
  166  0.003703  1.50078e+01  3.8752e+00
  167  0.003800  1.65514e+01  4.1381e+00
  168  0.003898  1.27427e+01  3.6787e+00
  169  0.003995  1.18253e+01  3.5656e+00
  170  0.004092  1.38780e+01  3.8493e+00
  171  0.004190  6.34529e+00  2.5905e+00
  172  0.004287  1.63306e+01  4.2168e+00
  173  0.004385  1.45968e+01  4.0487e+00
  174  0.004482  1.48557e+01  4.1205e+00
  175  0.004580  9.95013e+00  3.3168e+00
  176  0.004677  2.43255e+01  4.9659e+00
  177  0.004775  1.54395e+01  3.7449e+00
  178  0.004872  8.19331e+00  2.7312e+00
  179  0.004969  1.60862e+01  4.0218e+00
  180  0.005067  1.45216e+01  4.0278e+00
  181  0.005164  9.73695e+00  3.4427e+00
  182  0.005262  1.78954e+01  4.7831e+00
  183  0.005359  2.49100e+01  5.7153e+00
  184  0.005457  1.70976e+01  4.7423e+00
  185  0.005554  1.68385e+01  4.6705e+00
  186  0.005652  1.15454e+01  3.8487e+00
  187  0.005749  1.51543e+01  4.3749e+00
  188  0.005846  1.71531e+01  4.5847e+00
  189  0.005944  1.61392e+01  4.3137e+00
  190  0.006041  8.62607e+00  3.0499e+00
  191  0.006139  1.54757e+01  3.9961e+00
  192  0.006236  1.69960e+01  4.2493e+00
  193  0.006334  1.55912e+01  4.1672e+00
  194  0.006431  1.06484e+01  3.5496e+00
  195  0.006528  1.60557e+01  4.4534e+00
  196  0.006626  1.50084e+01  4.3328e+00
  197  0.006723  1.66398e+01  4.6154e+00
  198  0.006821  1.39420e+01  4.2039e+00
  199  0.006918  1.40265e+01  4.2294e+00
  200  0.007016  1.27561e+01  4.0340e+00
  201  0.007113  1.31004e+01  4.1429e+00
  202  0.007211  1.62480e+01  4.6907e+00
  203  0.007308  1.54594e+01  4.6615e+00
  204  0.007405  1.26224e+01  4.2077e+00
  205  0.007503  1.51728e+01  4.5750e+00
  206  0.007600  1.58109e+01  4.5645e+00
  207  0.007698  1.68881e+01  4.5138e+00
  208  0.007795  1.71888e+01  4.2975e+00
  209  0.007893  1.75928e+01  4.3985e+00
  210  0.007990  1.94156e+01  5.0135e+00
  211  0.008088  8.76459e+00  3.5783e+00
  212  0.008185  1.66749e+01  5.0280e+00
  213  0.008282  2.01078e+01  5.5774e+00
  214  0.008380  1.71780e+01  5.1797e+00
  215  0.008477  1.58305e+01  5.0064e+00
  216  0.008575  9.43201e+00  3.8508e+00
  217  0.008672  2.02209e+01  5.6087e+00
  218  0.008770  1.38349e+01  4.6119e+00
  219  0.008867  1.35546e+01  4.5184e+00
  220  0.008964  2.16570e+01  5.5923e+00
  221  0.009062  1.27336e+01  4.2448e+00
  222  0.009159  2.11160e+01  5.4526e+00
  223  0.009257  7.61813e+00  3.1102e+00
  224  0.009354  1.55723e+01  4.4956e+00
  225  0.009452  1.34335e+01  4.4781e+00
  226  0.009549  1.43081e+01  5.0590e+00
  227  0.009647  1.37430e+01  5.1947e+00
  228  0.009744  1.58756e+01  5.6132e+00
  229  0.009841  1.39501e+01  5.2729e+00
  230  0.009939  1.39633e+01  5.2779e+00
  231  0.010036  1.37483e+01  5.1967e+00
  232  0.010134  1.00119e+01  4.0875e+00
  233  0.010231  1.47732e+01  4.2649e+00
  234  0.010329  2.29756e+01  4.5955e+00
  235  0.010426  1.75605e+01  3.7442e+00
  236  0.010524  2.28464e+01  5.1091e+00
  237  0.010621  1.59107e+01  5.3039e+00
  238  0.010718  1.66330e+01  5.5447e+00
  239  0.010816  1.09647e+01  4.4765e+00
  240  0.010913  5.71755e+00  3.3011e+00
  241  0.011011  2.80936e+01  7.5092e+00
  242  0.011108  1.04206e+01  4.6604e+00
  243  0.011206  1.28849e+01  5.2605e+00
  244  0.011303  1.07302e+01  4.7989e+00
  245  0.011400  8.00573e+00  4.0030e+00
  246  0.011498  1.92107e+01  5.7927e+00
  247  0.011595  1.72883e+01  5.2130e+00
  248  0.011693  1.34310e+01  4.4772e+00
  249  0.011790  1.47152e+01  4.4371e+00
  250  0.011888  1.51276e+01  4.0433e+00
  251  0.011985  1.53935e+01  3.7337e+00
  252  0.012083  1.92239e+01  3.4530e+00
  253  0.012180  1.55131e+01  2.6224e+00
  254  0.012277  1.66724e+01  2.5136e+00
  255  0.012375  1.26664e+01  1.7238e+00
  258    1    2    0    0    0    0  255
 TiCr Empty  # experiment title
  34.70   2.080  0.0000  300.000   0.0 0
                  0.0974  0.0000  0.0000
    1 -0.012375  9.44419e+00  4.2238e+00
    2 -0.012277  4.96586e+00  6.3583e-01
    3 -0.012180  6.54347e+00  1.1391e+00
    4 -0.012083  5.19181e+00  1.2980e+00
    5 -0.011985  4.48714e+00  1.4190e+00
    6 -0.011888  5.56895e+00  1.6791e+00
    7 -0.011790  6.18644e+00  1.7859e+00
    8 -0.011693  8.62508e+00  2.3052e+00
    9 -0.011595  3.15164e+00  1.4095e+00
   10 -0.011498  5.50502e+00  1.7409e+00
   11 -0.011400  5.20646e+00  1.6465e+00
   12 -0.011303  3.75619e+00  1.2521e+00
   13 -0.011206  5.10269e+00  1.8041e+00
   14 -0.011108  9.20841e+00  2.4612e+00
   15 -0.011011  6.85695e+00  2.2857e+00
   16 -0.010913  7.57669e+00  2.6789e+00
   17 -0.010816  5.00062e+00  2.2364e+00
   18 -0.010718  4.38781e+00  1.9623e+00
   19 -0.010621  4.99907e+00  1.7675e+00
   20 -0.010524  4.24557e+00  1.4152e+00
   21 -0.010426  4.43628e+00  1.5685e+00
   22 -0.010329  4.20606e+00  1.7171e+00
   23 -0.010231  1.85111e+00  1.3089e+00
   24 -0.010134  8.49869e+00  3.0049e+00
   25 -0.010036  2.24081e+00  1.5845e+00
   26 -0.009939  4.53122e+00  2.2657e+00
   27 -0.009841  1.03021e+01  3.4342e+00
   28 -0.009744  4.61739e+00  2.3087e+00
   29 -0.009647  7.90212e+00  2.9868e+00
   30 -0.009549  2.01432e+00  1.4244e+00
   31 -0.009452  3.98132e+00  1.7805e+00
   32 -0.009354  4.36936e+00  1.6515e+00
   33 -0.009257  6.03082e+00  1.9072e+00
   34 -0.009159  6.25799e+00  2.0861e+00
   35 -0.009062  1.57297e+00  1.1123e+00
   36 -0.008964  6.13307e+00  2.3181e+00
   37 -0.008867  4.87465e+00  2.1801e+00
   38 -0.008770  6.21861e+00  2.5388e+00
   39 -0.008672  7.39930e+00  2.7968e+00
   40 -0.008575  8.29338e+00  2.9323e+00
   41 -0.008477  3.09693e+00  1.7880e+00
   42 -0.008380  8.02546e+00  2.8375e+00
   43 -0.008282  5.59247e+00  2.2832e+00
   44 -0.008185  5.12105e+00  2.0907e+00
   45 -0.008088  7.32463e+00  2.4416e+00
   46 -0.007990  5.86704e+00  2.2176e+00
   47 -0.007893  7.66946e+00  2.5566e+00
   48 -0.007795  2.54497e+00  1.4694e+00
   49 -0.007698  7.67483e+00  2.5584e+00
   50 -0.007600  7.16134e+00  2.5320e+00
   51 -0.007503  2.83612e+00  1.6375e+00
   52 -0.007405  5.81910e+00  2.3757e+00
   53 -0.007308  7.69478e+00  2.7206e+00
   54 -0.007211  4.71934e+00  2.1106e+00
   55 -0.007113  7.31302e+00  2.5856e+00
   56 -0.007016  3.50844e+00  1.7542e+00
   57 -0.006918  5.96862e+00  2.2560e+00
   58 -0.006821  4.88406e+00  1.9940e+00
   59 -0.006723  4.54053e+00  1.8537e+00
   60 -0.006626  3.64596e+00  1.6306e+00
   61 -0.006528  4.53579e+00  1.8518e+00
   62 -0.006431  5.96919e+00  2.2562e+00
   63 -0.006334  3.93675e+00  1.9684e+00
   64 -0.006236  6.34969e+00  2.5923e+00
   65 -0.006139  5.34063e+00  2.3885e+00
   66 -0.006041  3.02937e+00  1.7490e+00
   67 -0.005944  2.68901e+00  1.5525e+00
   68 -0.005846  9.37881e+00  2.6013e+00
   69 -0.005749  6.38406e+00  2.0189e+00
   70 -0.005652  5.83268e+00  2.0622e+00
   71 -0.005554  4.35991e+00  1.9498e+00
   72 -0.005457  5.80709e+00  2.3708e+00
   73 -0.005359  4.06012e+00  2.0301e+00
   74 -0.005262  1.98904e+00  1.4065e+00
   75 -0.005164  5.51226e+00  2.2504e+00
   76 -0.005067  5.88407e+00  2.2240e+00
   77 -0.004969  6.19974e+00  2.1920e+00
   78 -0.004872  6.81157e+00  2.2706e+00
   79 -0.004775  7.95454e+00  2.5155e+00
   80 -0.004677  4.04182e+00  1.8076e+00
   81 -0.004580  3.88122e+00  1.7358e+00
   82 -0.004482  5.47237e+00  2.0684e+00
   83 -0.004385  5.91691e+00  2.2364e+00
   84 -0.004287  2.78016e+00  1.6051e+00
   85 -0.004190  1.46342e+01  3.7788e+00
   86 -0.004092  3.85849e+00  1.9293e+00
   87 -0.003995  6.28825e+00  2.3768e+00
   88 -0.003898  5.43971e+00  2.0561e+00
   89 -0.003800  6.09709e+00  2.0324e+00
   90 -0.003703  8.18326e+00  2.3624e+00
   91 -0.003605  6.96690e+00  2.3224e+00
   92 -0.003508  2.58420e+00  1.4920e+00
   93 -0.003410  3.73050e+00  1.8653e+00
   94 -0.003313  7.64540e+00  2.7032e+00
   95 -0.003216  4.50155e+00  2.0132e+00
   96 -0.003118  6.43184e+00  2.2741e+00
   97 -0.003021  6.67223e+00  2.2241e+00
   98 -0.002923  6.99539e+00  2.3319e+00
   99 -0.002826  6.78451e+00  2.3988e+00
  100 -0.002728  6.03693e+00  2.2818e+00
  101 -0.002631  5.07373e+00  2.0714e+00
  102 -0.002533  7.96008e+00  2.5173e+00
  103 -0.002436  5.91011e+00  2.0896e+00
  104 -0.002339  5.63863e+00  1.9936e+00
  105 -0.002241  2.96821e+00  1.4841e+00
  106 -0.002144  6.47906e+00  2.2908e+00
  107 -0.002046  7.02050e+00  2.4822e+00
  108 -0.001949  8.07290e+00  2.6911e+00
  109 -0.001851  5.23292e+00  2.1364e+00
  110 -0.001754  9.89104e+00  2.8554e+00
  111 -0.001656  3.17338e+00  1.5867e+00
  112 -0.001559  4.72465e+00  1.9289e+00
  113 -0.001462  2.37315e+00  1.3702e+00
  114 -0.001364  6.49357e+00  2.2959e+00
  115 -0.001267  4.06946e+00  1.8200e+00
  116 -0.001169  8.82962e+00  2.6623e+00
  117 -0.001072  7.05369e+00  2.3513e+00
  118 -0.000974  7.84423e+00  2.4807e+00
  119 -0.000877  7.33889e+00  2.4464e+00
  120 -0.000780  1.44910e+01  3.5148e+00
  121 -0.000682  1.29743e+01  3.3502e+00
  122 -0.000585  1.36453e+01  3.4115e+00
  123 -0.000487  1.13573e+01  3.0355e+00
  124 -0.000390  1.44559e+01  3.3166e+00
  125 -0.000292  1.74845e+01  3.5693e+00
  126 -0.000195  1.97470e+01  3.8007e+00
  127 -0.000097  2.64705e+01  4.4749e+00
  128  0.000000  3.84890e+01  5.5564e+00
  129  0.000097  4.32221e+01  5.9382e+00
  130  0.000195  5.87200e+01  6.8745e+00
  131  0.000292  6.72715e+01  7.4312e+00
  132  0.000390  6.84051e+01  7.6503e+00
  133  0.000487  7.86727e+01  8.2052e+00
  134  0.000585  7.76731e+01  7.8490e+00
  135  0.000682  7.12469e+01  7.1270e+00
  136  0.000780  8.92026e+01  7.9187e+00
  137  0.000877  8.39284e+01  7.8637e+00
  138  0.000974  8.80635e+01  8.3246e+00
  139  0.001072  9.46185e+01  9.1086e+00
  140  0.001169  7.84663e+01  8.5645e+00
  141  0.001267  8.37195e+01  8.9791e+00
  142  0.001364  7.83103e+01  8.4970e+00
  143  0.001462  7.51479e+01  8.0136e+00
  144  0.001559  6.69899e+01  7.2683e+00
  145  0.001656  5.86729e+01  6.6452e+00
  146  0.001754  5.96023e+01  6.6656e+00
  147  0.001851  5.23097e+01  6.3922e+00
  148  0.001949  4.32903e+01  6.0045e+00
  149  0.002046  3.23948e+01  5.2559e+00
  150  0.002144  3.86199e+01  5.7581e+00
  151  0.002241  3.46065e+01  5.5424e+00
  152  0.002339  4.32147e+01  6.3048e+00
  153  0.002436  2.85193e+01  5.2076e+00
  154  0.002533  2.60657e+01  4.9265e+00
  155  0.002631  2.38672e+01  4.5938e+00
  156  0.002728  3.52316e+01  5.3736e+00
  157  0.002826  2.12188e+01  4.0840e+00
  158  0.002923  2.63885e+01  4.5942e+00
  159  0.003021  2.39053e+01  4.5182e+00
  160  0.003118  2.08796e+01  4.3541e+00
  161  0.003216  2.71073e+01  5.0343e+00
  162  0.003313  2.01998e+01  4.3070e+00
  163  0.003410  2.20175e+01  4.4039e+00
  164  0.003508  1.88512e+01  4.0194e+00
  165  0.003605  1.74219e+01  3.8960e+00
  166  0.003703  1.84729e+01  4.0315e+00
  167  0.003800  1.72806e+01  3.9648e+00
  168  0.003898  9.33622e+00  2.9525e+00
  169  0.003995  1.13421e+01  3.2743e+00
  170  0.004092  9.38583e+00  2.9682e+00
  171  0.004190  1.20874e+01  3.3526e+00
  172  0.004287  4.78598e+00  2.1404e+00
  173  0.004385  1.38208e+01  3.6940e+00
  174  0.004482  1.50706e+01  3.8915e+00
  175  0.004580  1.26363e+01  3.5049e+00
  176  0.004677  8.02015e+00  2.6735e+00
  177  0.004775  9.58198e+00  2.7662e+00
  178  0.004872  7.20360e+00  2.4013e+00
  179  0.004969  9.72338e+00  2.9318e+00
  180  0.005067  8.83898e+00  2.9464e+00
  181  0.005164  9.63087e+00  3.2104e+00
  182  0.005262  2.24767e+00  1.5894e+00
  183  0.005359  8.06878e+00  3.0498e+00
  184  0.005457  4.62531e+00  2.3127e+00
  185  0.005554  4.55522e+00  2.2777e+00
  186  0.005652  4.51147e+00  2.2558e+00
  187  0.005749  2.22062e+00  1.5702e+00
  188  0.005846  7.54054e+00  2.8502e+00
  189  0.005944  6.08128e+00  2.4827e+00
  190  0.006041  7.58408e+00  2.6815e+00
  191  0.006139  3.62835e+00  1.8142e+00
  192  0.006236  5.60360e+00  2.2877e+00
  193  0.006334  7.83307e+00  2.7695e+00
  194  0.006431  4.16094e+00  2.0805e+00
  195  0.006528  6.51521e+00  2.6599e+00
  196  0.006626  6.59774e+00  2.6936e+00
  197  0.006723  9.00295e+00  3.1832e+00
  198  0.006821  4.45739e+00  2.2287e+00
  199  0.006918  1.12110e+00  1.1211e+00
  200  0.007016  5.60760e+00  2.5079e+00
  201  0.007113  9.21432e+00  3.2579e+00
  202  0.007211  5.95221e+00  2.6620e+00
  203  0.007308  1.35920e+01  4.0984e+00
  204  0.007405  4.93228e+00  2.4662e+00
  205  0.007503  6.06362e+00  2.7118e+00
  206  0.007600  5.79209e+00  2.5904e+00
  207  0.007698  6.36347e+00  2.5980e+00
  208  0.007795  9.44530e+00  2.9870e+00
  209  0.007893  2.90019e+00  1.6744e+00
  210  0.007990  6.82811e+00  2.7877e+00
  211  0.008088  0.00000e+00  0.0000e+00
  212  0.008185  1.19951e+01  3.9986e+00
  213  0.008282  5.43966e+00  2.7199e+00
  214  0.008380  6.86497e+00  3.0702e+00
  215  0.008477  6.95913e+00  3.1123e+00
  216  0.008575  9.67478e+00  3.6569e+00
  217  0.008672  1.36756e+01  4.3249e+00
  218  0.008770  8.10916e+00  3.3107e+00
  219  0.008867  6.62070e+00  2.9610e+00
  220  0.008964  3.80818e+00  2.1987e+00
  221  0.009062  8.70759e+00  3.2913e+00
  222  0.009159  6.18844e+00  2.7676e+00
  223  0.009257  2.23263e+00  1.5787e+00
  224  0.009354  4.56374e+00  2.2819e+00
  225  0.009452  5.24925e+00  2.6247e+00
  226  0.009549  6.28988e+00  3.1450e+00
  227  0.009647  1.20829e+01  4.5672e+00
  228  0.009744  1.04684e+01  4.2739e+00
  229  0.009841  1.40171e+01  4.9561e+00
  230  0.009939  7.01521e+00  3.5077e+00
  231  0.010036  5.18040e+00  2.9910e+00
  232  0.010134  4.40125e+00  2.5411e+00
  233  0.010231  9.74149e+00  3.2473e+00
  234  0.010329  9.69612e+00  2.7992e+00
  235  0.010426  8.42142e+00  2.4311e+00
  236  0.010524  4.01733e+00  2.0087e+00
  237  0.010621  6.21723e+00  3.1087e+00
  238  0.010718  1.62487e+00  1.6249e+00
  239  0.010816  9.64025e+00  3.9358e+00
  240  0.010913  6.70252e+00  3.3514e+00
  241  0.011011  3.52858e+00  2.4951e+00
  242  0.011108  5.49709e+00  3.1738e+00
  243  0.011206  5.66425e+00  3.2703e+00
  244  0.011303  5.66045e+00  3.2681e+00
  245  0.011400  5.27900e+00  3.0479e+00
  246  0.011498  7.67732e+00  3.4335e+00
  247  0.011595  4.14543e+00  2.3934e+00
  248  0.011693  5.24826e+00  2.6242e+00
  249  0.011790  3.52845e+00  2.0372e+00
  250  0.011888  7.60017e+00  2.6872e+00
  251  0.011985  1.19418e+01  3.0835e+00
  252  0.012083  7.08783e+00  1.9659e+00
  253  0.012180  9.74226e+00  1.9485e+00
  254  0.012277  7.99550e+00  1.6321e+00
  255  0.012375  6.18689e+00  1.1296e+00
  258    1    2    0    0    0    0  255
 TiCr Empty  # experiment title
  51.00   2.080  0.0000  300.000   0.0 0
                  0.0974  0.0000  0.0000
    1 -0.012375  2.46364e+00  1.4224e+00
    2 -0.012277  1.55732e+00  2.3478e-01
    3 -0.012180  1.72419e+00  3.8555e-01
    4 -0.012083  2.11618e+00  5.4641e-01
    5 -0.011985  1.56071e+00  5.5180e-01
    6 -0.011888  1.10056e+00  4.9219e-01
    7 -0.011790  1.79313e+00  6.3398e-01
    8 -0.011693  1.87497e+00  7.0869e-01
    9 -0.011595  3.01454e+00  9.0895e-01
   10 -0.011498  2.15409e+00  7.1804e-01
   11 -0.011400  9.05450e-01  4.5273e-01
   12 -0.011303  9.07272e-01  4.0575e-01
   13 -0.011206  1.10925e+00  5.5463e-01
   14 -0.011108  1.42984e+00  6.3946e-01
   15 -0.011011  6.62492e-01  4.6846e-01
   16 -0.010913  2.88237e+00  1.0895e+00
   17 -0.010816  2.17413e+00  9.7232e-01
   18 -0.010718  7.63079e-01  5.3958e-01
   19 -0.010621  5.43364e-01  3.8422e-01
   20 -0.010524  1.02548e+00  4.5861e-01
   21 -0.010426  1.20548e+00  5.3911e-01
   22 -0.010329  1.82868e+00  7.4657e-01
   23 -0.010231  2.41444e+00  9.8572e-01
   24 -0.010134  2.30937e+00  1.0328e+00
   25 -0.010036  1.46136e+00  8.4373e-01
   26 -0.009939  1.47754e+00  8.5307e-01
   27 -0.009841  1.99069e+00  9.9537e-01
   28 -0.009744  2.00751e+00  1.0038e+00
   29 -0.009647  9.81606e-01  6.9411e-01
   30 -0.009549  1.31365e+00  7.5845e-01
   31 -0.009452  1.73097e+00  7.7413e-01
   32 -0.009354  1.62830e+00  6.6476e-01
   33 -0.009257  2.35983e+00  7.8663e-01
   34 -0.009159  1.20924e+00  6.0463e-01
   35 -0.009062  2.73554e+00  9.6719e-01
   36 -0.008964  2.66649e+00  1.0079e+00
   37 -0.008867  2.54323e+00  1.0383e+00
   38 -0.008770  1.80245e+00  9.0124e-01
   39 -0.008672  1.37872e+00  7.9601e-01
   40 -0.008575  1.80287e+00  9.0145e-01
   41 -0.008477  2.69292e+00  1.0994e+00
   42 -0.008380  8.72312e-01  6.1682e-01
   43 -0.008282  1.21572e+00  7.0191e-01
   44 -0.008185  1.85541e+00  8.2978e-01
   45 -0.008088  2.83071e+00  1.0008e+00
   46 -0.007990  3.64404e-01  3.6441e-01
   47 -0.007893  2.96397e+00  1.0480e+00
   48 -0.007795  1.84414e+00  8.2474e-01
   49 -0.007698  1.11227e+00  6.4218e-01
   50 -0.007600  1.94597e+00  8.7028e-01
   51 -0.007503  1.64409e+00  8.2206e-01
   52 -0.007405  1.68665e+00  8.4334e-01
   53 -0.007308  4.18185e-01  4.1819e-01
   54 -0.007211  1.64147e+00  8.2075e-01
   55 -0.007113  3.97437e-01  3.9744e-01
   56 -0.007016  2.28806e+00  9.3412e-01
   57 -0.006918  2.22428e+00  9.0808e-01
   58 -0.006821  2.12345e+00  8.6692e-01
   59 -0.006723  0.00000e+00  0.0000e+00
   60 -0.006626  1.90219e+00  7.7658e-01
   61 -0.006528  6.57345e-01  4.6482e-01
   62 -0.006431  2.22449e+00  9.0817e-01
   63 -0.006334  1.28369e+00  7.4115e-01
   64 -0.006236  9.20222e-01  6.5070e-01
   65 -0.006139  1.39317e+00  8.0436e-01
   66 -0.006041  2.19514e+00  9.8172e-01
   67 -0.005944  2.33821e+00  9.5459e-01
   68 -0.005846  1.56833e+00  7.0139e-01
   69 -0.005749  1.11025e+00  5.5513e-01
   70 -0.005652  5.64331e-15  4.2295e-08
   71 -0.005554  1.13734e+00  6.5665e-01
   72 -0.005457  8.41587e-01  5.9510e-01
   73 -0.005359  8.82613e-01  6.2411e-01
   74 -0.005262  1.72956e+00  8.6479e-01
   75 -0.005164  1.19829e+00  6.9184e-01
   76 -0.005067  2.19277e+00  8.9521e-01
   77 -0.004969  1.34774e+00  6.7388e-01
   78 -0.004872  2.63243e+00  9.3073e-01
   79 -0.004775  1.38337e+00  6.9169e-01
   80 -0.004677  9.38541e-15  5.7433e-08
   81 -0.004580  1.34996e+00  6.7499e-01
   82 -0.004482  1.01967e+00  5.8871e-01
   83 -0.004385  2.57251e+00  9.7234e-01
   84 -0.004287  4.02912e-01  4.0291e-01
   85 -0.004190  1.27251e+00  7.3470e-01
   86 -0.004092  8.38781e-01  5.9311e-01
   87 -0.003995  1.56226e+00  7.8114e-01
   88 -0.003898  1.01359e+00  5.8520e-01
   89 -0.003800  8.83615e-01  5.1016e-01
   90 -0.003703  8.89464e-01  5.1354e-01
   91 -0.003605  6.73115e-01  4.7597e-01
   92 -0.003508  7.49026e-01  5.2965e-01
   93 -0.003410  8.10958e-01  5.7344e-01
   94 -0.003313  2.07750e+00  9.2911e-01
   95 -0.003216  2.34858e+00  9.5883e-01
   96 -0.003118  6.99096e-01  4.9434e-01
   97 -0.003021  9.66967e-01  5.5828e-01
   98 -0.002923  2.70347e+00  9.5585e-01
   99 -0.002826  1.84357e+00  8.2449e-01
  100 -0.002728  2.62469e+00  9.9207e-01
  101 -0.002631  1.47061e+00  7.3532e-01
  102 -0.002533  2.07649e+00  8.4774e-01
  103 -0.002436  3.21194e+00  1.0157e+00
  104 -0.002339  1.83864e+00  7.5064e-01
  105 -0.002241  1.93574e+00  7.9028e-01
  106 -0.002144  1.05634e+00  6.0989e-01
  107 -0.002046  3.05232e+00  1.0792e+00
  108 -0.001949  2.72990e+00  1.0318e+00
  109 -0.001851  3.41269e+00  1.1376e+00
  110 -0.001754  2.86690e+00  1.0136e+00
  111 -0.001656  5.17387e+00  1.3360e+00
  112 -0.001559  2.05414e+00  8.3862e-01
  113 -0.001462  2.40749e+00  9.0997e-01
  114 -0.001364  3.52903e+00  1.1160e+00
  115 -0.001267  3.18472e+00  1.0616e+00
  116 -0.001169  5.93280e+00  1.4390e+00
  117 -0.001072  2.72600e+00  9.6381e-01
  118 -0.000974  3.41045e+00  1.0785e+00
  119 -0.000877  7.44507e+00  1.6248e+00
  120 -0.000780  6.30027e+00  1.5281e+00
  121 -0.000682  1.09057e+01  2.0254e+00
  122 -0.000585  1.74270e+01  2.5425e+00
  123 -0.000487  3.35067e+01  3.4389e+00
  124 -0.000390  4.56492e+01  3.8878e+00
  125 -0.000292  6.39816e+01  4.5048e+00
  126 -0.000195  9.44400e+01  5.4855e+00
  127 -0.000097  1.10812e+02  6.0434e+00
  128  0.000000  1.31780e+02  6.7875e+00
  129  0.000097  1.40761e+02  7.0751e+00
  130  0.000195  1.13660e+02  6.3123e+00
  131  0.000292  1.07004e+02  6.1849e+00
  132  0.000390  7.95562e+01  5.4429e+00
  133  0.000487  6.61787e+01  4.9638e+00
  134  0.000585  4.96214e+01  4.1373e+00
  135  0.000682  3.96495e+01  3.5060e+00
  136  0.000780  2.10710e+01  2.5372e+00
  137  0.000877  1.24833e+01  1.9992e+00
  138  0.000974  1.12812e+01  1.9640e+00
  139  0.001072  9.90347e+00  1.9424e+00
  140  0.001169  8.93487e+00  1.9051e+00
  141  0.001267  7.53081e+00  1.7752e+00
  142  0.001364  8.01109e+00  1.7915e+00
  143  0.001462  5.56913e+00  1.4380e+00
  144  0.001559  4.11182e+00  1.1870e+00
  145  0.001656  7.84903e+00  1.6023e+00
  146  0.001754  4.21093e+00  1.1680e+00
  147  0.001851  4.07334e+00  1.1759e+00
  148  0.001949  5.79121e+00  1.4479e+00
  149  0.002046  7.04218e+00  1.6157e+00
  150  0.002144  8.58199e+00  1.7896e+00
  151  0.002241  8.10165e+00  1.7681e+00
  152  0.002339  4.79708e+00  1.3849e+00
  153  0.002436  7.43963e+00  1.7537e+00
  154  0.002533  3.23789e+00  1.1448e+00
  155  0.002631  5.38057e+00  1.4381e+00
  156  0.002728  8.19319e+00  1.7085e+00
  157  0.002826  9.56701e+00  1.8082e+00
  158  0.002923  9.38699e+00  1.8067e+00
  159  0.003021  7.79502e+00  1.7012e+00
  160  0.003118  8.28848e+00  1.8089e+00
  161  0.003216  6.50235e+00  1.6257e+00
  162  0.003313  7.58471e+00  1.7402e+00
  163  0.003410  6.12646e+00  1.5317e+00
  164  0.003508  7.07833e+00  1.6240e+00
  165  0.003605  4.16601e+00  1.2562e+00
  166  0.003703  7.64907e-01  5.4087e-01
  167  0.003800  1.58171e+00  7.9087e-01
  168  0.003898  8.11826e-01  5.7405e-01
  169  0.003995  4.52028e+00  1.3630e+00
  170  0.004092  4.08070e-01  4.0807e-01
  171  0.004190  4.04252e-01  4.0425e-01
  172  0.004287  1.66465e+00  8.3234e-01
  173  0.004385  8.58414e-01  6.0700e-01
  174  0.004482  1.74727e+00  8.7365e-01
  175  0.004580  8.45217e-01  5.9766e-01
  176  0.004677  1.93719e+00  8.6635e-01
  177  0.004775  2.08299e+00  8.5040e-01
  178  0.004872  1.39197e+00  6.9599e-01
  179  0.004969  2.30589e+00  9.4140e-01
  180  0.005067  1.28098e+00  7.3958e-01
  181  0.005164  1.39574e+00  8.0585e-01
  182  0.005262  3.90890e+00  1.3821e+00
  183  0.005359  2.00462e+00  1.0023e+00
  184  0.005457  1.50822e+00  8.7078e-01
  185  0.005554  2.47561e+00  1.1072e+00
  186  0.005652  9.80730e-01  6.9349e-01
  187  0.005749  4.82732e-01  4.8273e-01
  188  0.005846  1.87338e+00  9.3671e-01
  189  0.005944  8.81324e-01  6.2320e-01
  190  0.006041  1.64867e+00  8.2435e-01
  191  0.006139  1.97188e+00  8.8187e-01
  192  0.006236  2.43629e+00  9.9464e-01
  193  0.006334  1.27710e+00  7.3734e-01
  194  0.006431  2.26133e+00  1.0113e+00
  195  0.006528  1.88842e+00  9.4423e-01
  196  0.006626  1.43426e+00  8.2808e-01
  197  0.006723  9.78558e-01  6.9195e-01
  198  0.006821  9.68975e-01  6.8518e-01
  199  0.006918  2.43712e+00  1.0899e+00
  200  0.007016  2.43803e+00  1.0903e+00
  201  0.007113  5.00767e-01  5.0077e-01
  202  0.007211  2.58786e+00  1.1574e+00
  203  0.007308  2.14888e+00  1.0745e+00
  204  0.007405  3.21663e+00  1.3132e+00
  205  0.007503  2.10903e+00  1.0545e+00
  206  0.007600  1.51094e+00  8.7236e-01
  207  0.007698  4.61110e-01  4.6111e-01
  208  0.007795  4.10655e-01  4.1066e-01
  209  0.007893  8.40615e-01  5.9441e-01
  210  0.007990  1.48434e+00  8.5700e-01
  211  0.008088  5.58383e-01  5.5839e-01
  212  0.008185  1.15891e+00  8.1949e-01
  213  0.008282  2.95627e+00  1.3221e+00
  214  0.008380  2.98470e+00  1.3348e+00
  215  0.008477  1.81538e+00  1.0481e+00
  216  0.008575  4.20633e+00  1.5899e+00
  217  0.008672  1.78374e+00  1.0299e+00
  218  0.008770  5.87606e-01  5.8761e-01
  219  0.008867  2.87850e+00  1.2873e+00
  220  0.008964  3.86328e+00  1.4602e+00
  221  0.009062  1.62249e+00  9.3676e-01
  222  0.009159  1.61434e+00  9.3205e-01
  223  0.009257  9.70687e-01  6.8639e-01
  224  0.009354  1.48814e+00  8.5919e-01
  225  0.009452  2.85278e+00  1.2758e+00
  226  0.009549  2.05100e+00  1.1842e+00
  227  0.009647  0.00000e+00  0.0000e+00
  228  0.009744  0.00000e+00  0.0000e+00
  229  0.009841  7.61781e-01  7.6179e-01
  230  0.009939  1.52501e+00  1.0784e+00
  231  0.010036  1.50153e+00  1.0618e+00
  232  0.010134  6.37846e-01  6.3785e-01
  233  0.010231  4.23533e+00  1.4118e+00
  234  0.010329  1.05390e+00  6.0848e-01
  235  0.010426  1.22047e+00  6.1024e-01
  236  0.010524  1.30997e+00  7.5632e-01
  237  0.010621  1.35154e+00  9.5570e-01
  238  0.010718  1.41290e+00  9.9909e-01
  239  0.010816  1.39710e+00  9.8792e-01
  240  0.010913  1.45704e+00  1.0303e+00
  241  0.011011  4.60238e+00  1.8790e+00
  242  0.011108  1.59332e+00  1.1267e+00
  243  0.011206  8.20886e-01  8.2089e-01
  244  0.011303  1.64067e+00  1.1602e+00
  245  0.011400  5.35538e+00  2.0243e+00
  246  0.011498  2.67031e+00  1.3352e+00
  247  0.011595  1.20155e+00  8.4963e-01
  248  0.011693  2.28180e+00  1.1409e+00
  249  0.011790  2.55679e+00  1.1435e+00
  250  0.011888  2.06521e+00  9.2361e-01
  251  0.011985  2.42291e+00  9.1580e-01
  252  0.012083  1.42227e+00  5.8065e-01
  253  0.012180  3.04968e+00  7.1884e-01
  254  0.012277  2.60717e+00  6.1453e-01
  255  0.012375  1.43461e+00  3.5866e-01
  258    1    2    0    0    0    0  255
 TiCr Empty  # experiment title
  71.00   2.080  0.0000  300.000   0.0 0
                  0.0974  0.0000  0.0000
    1 -0.012375  0.00000e+00  0.0000e+00
    2 -0.012277  7.73576e-01  1.4365e-01
    3 -0.012180  1.03957e+00  2.5990e-01
    4 -0.012083  9.56933e-01  3.1898e-01
    5 -0.011985  1.17625e+00  4.1587e-01
    6 -0.011888  8.29452e-01  3.7095e-01
    7 -0.011790  1.01356e+00  4.1379e-01
    8 -0.011693  1.21123e+00  4.9449e-01
    9 -0.011595  8.26166e-01  4.1309e-01
   10 -0.011498  5.41153e-01  3.1244e-01
   11 -0.011400  1.36481e+00  4.8254e-01
   12 -0.011303  1.50431e+00  4.5358e-01
   13 -0.011206  1.25401e+00  5.1196e-01
   14 -0.011108  1.72420e+00  6.0961e-01
   15 -0.011011  2.49649e-01  2.4965e-01
   16 -0.010913  1.24134e+00  6.2068e-01
   17 -0.010816  3.27714e-01  3.2772e-01
   18 -0.010718  1.15021e+00  5.7512e-01
   19 -0.010621  8.19029e-01  4.0952e-01
   20 -0.010524  6.18293e-01  3.0915e-01
   21 -0.010426  3.63412e-01  2.5697e-01
   22 -0.010329  6.89105e-01  3.9786e-01
   23 -0.010231  6.06560e-01  4.2891e-01
   24 -0.010134  6.96198e-01  4.9229e-01
   25 -0.010036  3.67126e-01  3.6713e-01
   26 -0.009939  3.71189e-01  3.7119e-01
   27 -0.009841  3.75079e-01  3.7508e-01
   28 -0.009744  7.56497e-01  5.3493e-01
   29 -0.009647  1.47961e+00  7.3982e-01
   30 -0.009549  9.90056e-01  5.7162e-01
   31 -0.009452  5.21828e-01  3.6899e-01
   32 -0.009354  1.43172e+00  5.4115e-01
   33 -0.009257  5.92840e-01  3.4228e-01
   34 -0.009159  2.27841e-01  2.2784e-01
   35 -0.009062  7.73131e-01  4.4637e-01
   36 -0.008964  8.61275e-01  4.9726e-01
   37 -0.008867  0.00000e+00  0.0000e+00
   38 -0.008770  6.79223e-01  4.8029e-01
   39 -0.008672  6.92728e-01  4.8984e-01
   40 -0.008575  1.01907e+00  5.8837e-01
   41 -0.008477  6.76520e-01  4.7838e-01
   42 -0.008380  1.97229e+00  8.0521e-01
   43 -0.008282  1.52708e+00  6.8295e-01
   44 -0.008185  5.59343e-01  3.9552e-01
   45 -0.008088  8.00028e-01  4.6190e-01
   46 -0.007990  1.37319e+00  6.1412e-01
   47 -0.007893  1.95461e+00  7.3879e-01
   48 -0.007795  5.55946e-01  3.9312e-01
   49 -0.007698  1.67655e+00  6.8447e-01
   50 -0.007600  1.17329e+00  5.8665e-01
   51 -0.007503  3.09773e-01  3.0977e-01
   52 -0.007405  9.53380e-01  5.5044e-01
   53 -0.007308  1.26069e+00  6.3035e-01
   54 -0.007211  1.23712e+00  6.1857e-01
   55 -0.007113  0.00000e+00  0.0000e+00
   56 -0.007016  5.74811e-01  4.0646e-01
   57 -0.006918  0.00000e+00  0.0000e+00
   58 -0.006821  4.74858e-15  3.5589e-08
   59 -0.006723  1.48781e+00  6.0741e-01
   60 -0.006626  1.19468e+00  5.3429e-01
   61 -0.006528  9.90836e-01  4.9543e-01
   62 -0.006431  1.39710e+00  6.2481e-01
   63 -0.006334  1.93495e+00  7.8996e-01
   64 -0.006236  1.38708e+00  6.9355e-01
   65 -0.006139  3.49996e-01  3.5000e-01
   66 -0.006041  9.92642e-01  5.7311e-01
   67 -0.005944  8.81114e-01  5.0872e-01
   68 -0.005846  7.09196e-01  4.0946e-01
   69 -0.005749  1.25513e+00  5.1241e-01
   70 -0.005652  1.91121e+00  6.7573e-01
   71 -0.005554  1.42862e+00  6.3891e-01
   72 -0.005457  9.51412e-01  5.4931e-01
   73 -0.005359  2.32818e+00  8.8000e-01
   74 -0.005262  1.74048e-14  7.5311e-08
   75 -0.005164  2.10725e+00  7.9649e-01
   76 -0.005067  7.35538e-15  4.5010e-08
   77 -0.004969  1.01574e+00  5.0788e-01
   78 -0.004872  7.43989e-01  4.2955e-01
   79 -0.004775  1.04260e+00  5.2131e-01
   80 -0.004677  7.94636e-01  4.5879e-01
   81 -0.004580  5.08708e-01  3.5971e-01
   82 -0.004482  1.02465e+00  5.1233e-01
   83 -0.004385  5.53946e-01  3.9170e-01
   84 -0.004287  2.42929e+00  8.5891e-01
   85 -0.004190  1.59842e+00  7.1485e-01
   86 -0.004092  9.48241e-01  5.4747e-01
   87 -0.003995  5.88711e-01  4.1629e-01
   88 -0.003898  1.27318e+00  5.6939e-01
   89 -0.003800  4.43967e-01  3.1393e-01
   90 -0.003703  1.11726e+00  4.9966e-01
   91 -0.003605  2.53652e+00  8.0215e-01
   92 -0.003508  2.82257e-01  2.8226e-01
   93 -0.003410  1.22238e+00  6.1120e-01
   94 -0.003313  9.39446e-01  5.4240e-01
   95 -0.003216  8.85021e-01  5.1097e-01
   96 -0.003118  7.90327e-01  4.5630e-01
   97 -0.003021  1.94339e+00  6.8711e-01
   98 -0.002923  5.09377e-01  3.6019e-01
   99 -0.002826  8.33663e-01  4.8132e-01
  100 -0.002728  2.82591e-01  2.8259e-01
  101 -0.002631  2.77087e-01  2.7709e-01
  102 -0.002533  1.30415e+00  5.8324e-01
  103 -0.002436  1.45244e+00  5.9297e-01
  104 -0.002339  9.23814e-01  4.6191e-01
  105 -0.002241  9.72602e-01  4.8631e-01
  106 -0.002144  2.65377e-01  2.6538e-01
  107 -0.002046  2.01287e+00  7.6082e-01
  108 -0.001949  5.87838e-01  4.1567e-01
  109 -0.001851  1.71469e+00  7.0003e-01
  110 -0.001754  1.62051e+00  6.6159e-01
  111 -0.001656  1.55975e+00  6.3678e-01
  112 -0.001559  1.03209e+00  5.1605e-01
  113 -0.001462  1.29603e+00  5.7961e-01
  114 -0.001364  2.65971e-01  2.6597e-01
  115 -0.001267  1.86683e+00  7.0561e-01
  116 -0.001169  1.84114e+00  6.9590e-01
  117 -0.001072  7.70434e-01  4.4482e-01
  118 -0.000974  1.28517e+00  5.7476e-01
  119 -0.000877  2.67195e+00  8.4498e-01
  120 -0.000780  8.37935e-01  4.8379e-01
  121 -0.000682  1.98395e+00  7.4988e-01
  122 -0.000585  2.79450e+00  8.8373e-01
  123 -0.000487  5.05057e+00  1.1588e+00
  124 -0.000390  3.98890e+00  9.9728e-01
  125 -0.000292  9.54865e+00  1.5100e+00
  126 -0.000195  1.29411e+01  1.7614e+00
  127 -0.000097  2.05690e+01  2.2584e+00
  128  0.000000  2.78511e+01  2.7062e+00
  129  0.000097  3.36698e+01  3.0010e+00
  130  0.000195  4.19084e+01  3.3255e+00
  131  0.000292  4.43549e+01  3.4552e+00
  132  0.000390  4.65101e+01  3.6122e+00
  133  0.000487  4.84755e+01  3.6880e+00
  134  0.000585  5.16818e+01  3.6663e+00
  135  0.000682  4.41233e+01  3.2115e+00
  136  0.000780  4.62605e+01  3.2651e+00
  137  0.000877  4.46289e+01  3.2832e+00
  138  0.000974  4.17382e+01  3.2812e+00
  139  0.001072  4.13385e+01  3.4469e+00
  140  0.001169  3.76486e+01  3.3965e+00
  141  0.001267  3.12164e+01  3.1387e+00
  142  0.001364  2.92828e+01  2.9744e+00
  143  0.001462  2.40643e+01  2.5958e+00
  144  0.001559  2.58244e+01  2.5834e+00
  145  0.001656  1.77466e+01  2.0920e+00
  146  0.001754  1.53799e+01  1.9381e+00
  147  0.001851  1.25356e+01  1.7911e+00
  148  0.001949  1.14572e+01  1.7682e+00
  149  0.002046  8.65952e+00  1.5555e+00
  150  0.002144  7.31160e+00  1.4341e+00
  151  0.002241  6.97821e+00  1.4246e+00
  152  0.002339  5.72437e+00  1.3134e+00
  153  0.002436  2.80350e+00  9.3454e-01
  154  0.002533  2.74532e+00  9.1514e-01
  155  0.002631  8.68961e-01  5.0170e-01
  156  0.002728  2.41628e+00  8.0545e-01
  157  0.002826  1.03005e+00  5.1503e-01
  158  0.002923  1.04810e+00  5.2406e-01
  159  0.003021  1.95828e+00  7.4018e-01
  160  0.003118  1.78478e+00  7.2865e-01
  161  0.003216  1.53144e+00  6.8489e-01
  162  0.003313  6.01719e-01  4.2548e-01
  163  0.003410  5.77162e-01  4.0812e-01
  164  0.003508  2.24619e+00  7.9417e-01
  165  0.003605  2.28347e+00  8.0736e-01
  166  0.003703  5.76484e-01  4.0764e-01
  167  0.003800  1.78812e+00  7.3002e-01
  168  0.003898  6.11845e-01  4.3264e-01
  169  0.003995  1.54854e+00  6.9254e-01
  170  0.004092  9.22644e-01  5.3270e-01
  171  0.004190  1.52335e+00  6.8128e-01
  172  0.004287  1.88188e+00  7.6830e-01
  173  0.004385  6.46957e-01  4.5747e-01
  174  0.004482  3.29214e-01  3.2922e-01
  175  0.004580  6.37011e-01  4.5044e-01
  176  0.004677  1.45999e+00  6.5294e-01
  177  0.004775  1.30823e+00  5.8507e-01
  178  0.004872  1.04908e+00  5.2455e-01
  179  0.004969  2.89644e-01  2.8965e-01
  180  0.005067  6.43621e-01  4.5511e-01
  181  0.005164  1.75321e+00  7.8408e-01
  182  0.005262  3.68250e-01  3.6825e-01
  183  0.005359  1.13311e+00  6.5421e-01
  184  0.005457  1.13669e+00  6.5628e-01
  185  0.005554  7.46312e-01  5.2773e-01
  186  0.005652  3.69571e-01  3.6957e-01
  187  0.005749  3.63819e-01  3.6382e-01
  188  0.005846  3.52976e-01  3.5298e-01
  189  0.005944  9.96335e-01  5.7524e-01
  190  0.006041  9.31912e-01  5.3805e-01
  191  0.006139  2.37782e+00  8.4072e-01
  192  0.006236  3.06025e-01  3.0603e-01
  193  0.006334  1.28334e+00  6.4168e-01
  194  0.006431  1.36343e+00  6.8173e-01
  195  0.006528  3.55810e-01  3.5581e-01
  196  0.006626  0.00000e+00  0.0000e+00
  197  0.006723  1.10626e+00  6.3871e-01
  198  0.006821  7.30283e-01  5.1639e-01
  199  0.006918  1.46942e+00  7.3473e-01
  200  0.007016  0.00000e+00  0.0000e+00
  201  0.007113  1.13223e+00  6.5370e-01
  202  0.007211  3.47226e-15  3.6803e-08
  203  0.007308  4.04884e-01  4.0489e-01
  204  0.007405  8.08088e-01  5.7141e-01
  205  0.007503  3.97377e-01  3.9738e-01
  206  0.007600  3.79582e-01  3.7958e-01
  207  0.007698  3.47522e-01  3.4752e-01
  208  0.007795  0.00000e+00  0.0000e+00
  209  0.007893  3.16771e-01  3.1677e-01
  210  0.007990  1.49159e+00  7.4581e-01
  211  0.008088  1.68334e+00  8.4169e-01
  212  0.008185  1.74687e+00  8.7346e-01
  213  0.008282  4.45607e-01  4.4561e-01
  214  0.008380  1.34968e+00  7.7925e-01
  215  0.008477  9.12127e-01  6.4498e-01
  216  0.008575  1.35864e+00  7.8443e-01
  217  0.008672  1.79246e+00  8.9625e-01
  218  0.008770  8.85717e-01  6.2630e-01
  219  0.008867  1.30165e+00  7.5152e-01
  220  0.008964  4.15946e-01  4.1595e-01
  221  0.009062  4.07606e-01  4.0761e-01
  222  0.009159  4.05556e-01  4.0556e-01
  223  0.009257  1.09736e+00  6.3357e-01
  224  0.009354  1.49541e+00  7.4772e-01
  225  0.009452  8.60018e-01  6.0813e-01
  226  0.009549  1.03051e+00  7.2869e-01
  227  0.009647  2.26243e+00  1.1313e+00
  228  0.009744  1.71511e+00  9.9024e-01
  229  0.009841  1.72238e+00  9.9444e-01
  230  0.009939  1.14935e+00  8.1272e-01
  231  0.010036  0.00000e+00  0.0000e+00
  232  0.010134  4.80723e-01  4.8073e-01
  233  0.010231  3.54669e-01  3.5467e-01
  234  0.010329  2.64763e-01  2.6476e-01
  235  0.010426  9.19824e-01  4.5992e-01
  236  0.010524  1.31637e+00  6.5820e-01
  237  0.010621  1.52791e+00  8.8216e-01
  238  0.010718  5.32426e-01  5.3243e-01
  239  0.010816  1.05295e+00  7.4456e-01
  240  0.010913  1.09812e+00  7.7650e-01
  241  0.011011  5.78110e-01  5.7811e-01
  242  0.011108  1.80125e+00  1.0400e+00
  243  0.011206  1.23735e+00  8.7495e-01
  244  0.011303  3.09129e+00  1.3825e+00
  245  0.011400  1.72979e+00  9.9872e-01
  246  0.011498  5.03130e-01  5.0313e-01
  247  0.011595  2.26391e+00  1.0125e+00
  248  0.011693  2.14964e+00  9.6138e-01
  249  0.011790  1.54157e+00  7.7080e-01
  250  0.011888  1.24518e+00  6.2260e-01
  251  0.011985  1.82606e+00  6.9020e-01
  252  0.012083  1.78653e+00  5.6496e-01
  253  0.012180  1.53229e+00  4.4234e-01
  254  0.012277  1.30995e+00  3.7816e-01
  255  0.012375  1.14879e+00  2.7863e-01
  258    1    2    0    0    0    0  255
 TiCr Empty  # experiment title
  91.00   2.080  0.0000  300.000   0.0 0
                  0.0974  0.0000  0.0000
    1 -0.012375  0.00000e+00  0.0000e+00
    2 -0.012277  6.04022e-01  1.1217e-01
    3 -0.012180  4.56590e-01  1.5220e-01
    4 -0.012083  8.30212e-01  2.6254e-01
    5 -0.011985  5.74024e-01  2.5671e-01
    6 -0.011888  3.88591e-01  2.2435e-01
    7 -0.011790  7.91410e-01  3.2310e-01
    8 -0.011693  4.72875e-01  2.7302e-01
    9 -0.011595  3.22543e-01  2.2807e-01
   10 -0.011498  9.85932e-01  3.7265e-01
   11 -0.011400  7.99253e-01  3.2630e-01
   12 -0.011303  2.13563e-01  1.5101e-01
   13 -0.011206  3.26385e-01  2.3079e-01
   14 -0.011108  6.73143e-01  3.3658e-01
   15 -0.011011  1.16958e+00  4.7749e-01
   16 -0.010913  2.42315e-01  2.4232e-01
   17 -0.010816  5.11770e-01  3.6188e-01
   18 -0.010718  2.24527e-01  2.2453e-01
   19 -0.010621  4.79635e-01  2.7692e-01
   20 -0.010524  2.41387e-01  1.7069e-01
   21 -0.010426  2.83758e-01  2.0065e-01
   22 -0.010329  7.17421e-01  3.5872e-01
   23 -0.010231  0.00000e+00  0.0000e+00
   24 -0.010134  2.71802e-01  2.7180e-01
   25 -0.010036  2.86659e-01  2.8666e-01
   26 -0.009939  0.00000e+00  0.0000e+00
   27 -0.009841  5.85737e-01  4.1418e-01
   28 -0.009744  2.95343e-01  2.9534e-01
   29 -0.009647  0.00000e+00  0.0000e+00
   30 -0.009549  0.00000e+00  0.0000e+00
   31 -0.009452  8.14906e-01  4.0746e-01
   32 -0.009354  7.98510e-01  3.5711e-01
   33 -0.009257  4.62900e-01  2.6726e-01
   34 -0.009159  3.55805e-01  2.5159e-01
   35 -0.009062  8.04899e-01  4.0246e-01
   36 -0.008964  4.48332e-01  3.1702e-01
   37 -0.008867  4.98877e-01  3.5276e-01
   38 -0.008770  7.95524e-01  4.5930e-01
   39 -0.008672  0.00000e+00  0.0000e+00
   40 -0.008575  1.06094e+00  5.3048e-01
   41 -0.008477  7.92359e-01  4.5747e-01
   42 -0.008380  0.00000e+00  0.0000e+00
   43 -0.008282  2.38475e-01  2.3848e-01
   44 -0.008185  6.55118e-01  3.7824e-01
   45 -0.008088  1.24935e+00  5.1006e-01
   46 -0.007990  8.57771e-01  4.2889e-01
   47 -0.007893  4.36056e-01  3.0834e-01
   48 -0.007795  8.68185e-01  4.3410e-01
   49 -0.007698  2.18181e-01  2.1818e-01
   50 -0.007600  9.16124e-01  4.5807e-01
   51 -0.007503  2.41877e-01  2.4188e-01
   52 -0.007405  4.96277e-01  3.5092e-01
   53 -0.007308  9.84366e-01  4.9219e-01
   54 -0.007211  9.65966e-01  4.8299e-01
   55 -0.007113  4.67764e-01  3.3076e-01
   56 -0.007016  4.48823e-01  3.1737e-01
   57 -0.006918  2.18155e-01  2.1816e-01
   58 -0.006821  6.24800e-01  3.6073e-01
   59 -0.006723  7.74471e-01  3.8724e-01
   60 -0.006626  3.73132e-01  2.6385e-01
   61 -0.006528  1.93416e-01  1.9342e-01
   62 -0.006431  6.54529e-01  3.7790e-01
   63 -0.006334  5.03614e-01  3.5611e-01
   64 -0.006236  8.12293e-01  4.6898e-01
   65 -0.006139  5.46566e-01  3.8648e-01
   66 -0.006041  5.16715e-01  3.6538e-01
   67 -0.005944  2.29330e-01  2.2933e-01
   68 -0.005846  7.38337e-01  3.6917e-01
   69 -0.005749  9.80028e-01  4.0010e-01
   70 -0.005652  9.32693e-01  4.1712e-01
   71 -0.005554  8.92396e-01  4.4621e-01
   72 -0.005457  7.42880e-01  4.2891e-01
   73 -0.005359  1.03879e+00  5.1941e-01
   74 -0.005262  1.01780e+00  5.0891e-01
   75 -0.005164  7.05163e-01  4.0713e-01
   76 -0.005067  2.15065e-01  2.1507e-01
   77 -0.004969  3.96556e-01  2.8041e-01
   78 -0.004872  1.93640e-01  1.9364e-01
   79 -0.004775  8.14077e-01  4.0704e-01
   80 -0.004677  8.27289e-01  4.1365e-01
   81 -0.004580  7.94417e-01  3.9721e-01
   82 -0.004482  4.00034e-01  2.8287e-01
   83 -0.004385  6.48796e-01  3.7459e-01
   84 -0.004287  4.74208e-01  3.3532e-01
   85 -0.004190  7.48843e-01  4.3235e-01
   86 -0.004092  4.39381e-15  3.2930e-08
   87 -0.003995  4.59677e-01  3.2504e-01
   88 -0.003898  5.96471e-01  3.4438e-01
   89 -0.003800  1.03997e+00  4.2457e-01
   90 -0.003703  8.72380e-01  3.9015e-01
   91 -0.003605  3.96112e-01  2.8010e-01
   92 -0.003508  4.40784e-01  3.1168e-01
   93 -0.003410  4.77229e-01  3.3745e-01
   94 -0.003313  1.46707e+00  5.9895e-01
   95 -0.003216  1.15173e+00  5.1508e-01
   96 -0.003118  1.23420e+00  5.0387e-01
   97 -0.003021  9.48394e-01  4.2414e-01
   98 -0.002923  3.97731e-01  2.8124e-01
   99 -0.002826  1.08490e+00  4.8519e-01
  100 -0.002728  2.20652e-01  2.2065e-01
  101 -0.002631  8.65420e-01  4.3272e-01
  102 -0.002533  6.10983e-01  3.5275e-01
  103 -0.002436  7.56059e-01  3.7803e-01
  104 -0.002339  1.44266e+00  5.1007e-01
  105 -0.002241  5.69569e-01  3.2884e-01
  106 -0.002144  4.14422e-01  2.9304e-01
  107 -0.002046  6.73581e-01  3.8890e-01
  108 -0.001949  1.14749e+00  5.1318e-01
  109 -0.001851  1.33886e+00  5.4660e-01
  110 -0.001754  8.43550e-01  4.2178e-01
  111 -0.001656  6.08940e-01  3.5158e-01
  112 -0.001559  2.61910e+00  7.2644e-01
  113 -0.001462  1.01196e+00  4.5257e-01
  114 -0.001364  2.69977e+00  7.4882e-01
  115 -0.001267  1.24942e+00  5.1008e-01
  116 -0.001169  1.23223e+00  5.0307e-01
  117 -0.001072  2.00523e+00  6.3413e-01
  118 -0.000974  4.21463e+00  9.1978e-01
  119 -0.000877  4.58988e+00  9.7865e-01
  120 -0.000780  8.06938e+00  1.3268e+00
  121 -0.000682  1.54911e+01  1.8521e+00
  122 -0.000585  2.31292e+01  2.2474e+00
  123 -0.000487  4.04735e+01  2.9005e+00
  124 -0.000390  5.74255e+01  3.3469e+00
  125 -0.000292  8.21998e+01  3.9201e+00
  126 -0.000195  1.01982e+02  4.3765e+00
  127 -0.000097  1.12618e+02  4.6776e+00
  128  0.000000  1.38481e+02  5.3434e+00
  129  0.000097  1.22687e+02  5.0707e+00
  130  0.000195  1.18337e+02  4.9455e+00
  131  0.000292  9.15154e+01  4.3900e+00
  132  0.000390  6.27871e+01  3.7104e+00
  133  0.000487  5.22907e+01  3.3856e+00
  134  0.000585  3.42706e+01  2.6378e+00
  135  0.000682  2.13276e+01  1.9725e+00
  136  0.000780  1.22201e+01  1.4822e+00
  137  0.000877  7.34613e+00  1.1765e+00
  138  0.000974  4.62697e+00  9.6487e-01
  139  0.001072  5.15549e+00  1.0751e+00
  140  0.001169  4.30196e+00  1.0141e+00
  141  0.001267  4.92411e+00  1.1012e+00
  142  0.001364  1.88573e+00  6.6673e-01
  143  0.001462  7.86551e+00  1.3111e+00
  144  0.001559  5.84762e+00  1.0860e+00
  145  0.001656  4.81142e+00  9.6237e-01
  146  0.001754  6.09977e+00  1.0784e+00
  147  0.001851  6.79167e+00  1.1649e+00
  148  0.001949  7.66797e+00  1.2782e+00
  149  0.002046  5.45283e+00  1.0907e+00
  150  0.002144  5.26987e+00  1.0758e+00
  151  0.002241  5.44871e+00  1.1123e+00
  152  0.002339  5.88118e+00  1.1764e+00
  153  0.002436  4.13482e+00  1.0029e+00
  154  0.002533  3.33449e+00  8.9123e-01
  155  0.002631  3.84484e+00  9.3257e-01
  156  0.002728  1.04815e+00  4.6876e-01
  157  0.002826  2.81498e+00  7.5237e-01
  158  0.002923  1.63675e+00  5.7869e-01
  159  0.003021  2.18437e-01  2.1844e-01
  160  0.003118  1.62586e+00  6.1453e-01
  161  0.003216  9.56619e-01  4.7832e-01
  162  0.003313  7.04750e-01  4.0689e-01
  163  0.003410  6.75988e-01  3.9029e-01
  164  0.003508  6.57699e-01  3.7973e-01
  165  0.003605  2.00585e+00  6.6864e-01
  166  0.003703  6.75193e-01  3.8983e-01
  167  0.003800  4.65399e-01  3.2909e-01
  168  0.003898  2.38870e-01  2.3887e-01
  169  0.003995  2.41825e-01  2.4183e-01
  170  0.004092  4.80278e-01  3.3961e-01
  171  0.004190  9.51570e-01  4.7579e-01
  172  0.004287  4.89803e-01  3.4635e-01
  173  0.004385  1.51547e+00  6.1870e-01
  174  0.004482  1.79940e+00  6.8013e-01
  175  0.004580  9.94779e-01  4.9740e-01
  176  0.004677  9.11990e-01  4.5600e-01
  177  0.004775  6.12895e-01  3.5386e-01
  178  0.004872  1.22871e+00  5.0163e-01
  179  0.004969  4.52319e-01  3.1984e-01
  180  0.005067  2.51275e-01  2.5128e-01
  181  0.005164  2.43712e-15  2.5831e-08
  182  0.005262  2.87537e-01  2.8754e-01
  183  0.005359  8.84752e-01  5.1082e-01
  184  0.005457  2.95850e-01  2.9585e-01
  185  0.005554  5.82734e-01  4.1206e-01
  186  0.005652  5.77136e-01  4.0810e-01
  187  0.005749  8.52229e-01  4.9204e-01
  188  0.005846  8.26830e-01  4.7738e-01
  189  0.005944  5.18638e-01  3.6674e-01
  190  0.006041  4.85102e-01  3.4302e-01
  191  0.006139  1.16040e+00  5.1896e-01
  192  0.006236  4.77899e-01  3.3793e-01
  193  0.006334  5.01028e-01  3.5428e-01
  194  0.006431  5.32295e-01  3.7639e-01
  195  0.006528  5.55645e-01  3.9290e-01
  196  0.006626  0.00000e+00  0.0000e+00
  197  0.006723  5.75858e-01  4.0720e-01
  198  0.006821  8.55327e-01  4.9383e-01
  199  0.006918  2.86838e-01  2.8684e-01
  200  0.007016  5.73888e-01  4.0580e-01
  201  0.007113  2.94689e-01  2.9469e-01
  202  0.007211  3.04578e-01  3.0458e-01
  203  0.007308  9.48423e-01  5.4758e-01
  204  0.007405  6.30969e-01  4.4617e-01
  205  0.007503  3.10279e-01  3.1028e-01
  206  0.007600  1.05531e-14  5.5926e-08
  207  0.007698  1.35676e+00  6.0678e-01
  208  0.007795  4.83321e-01  3.4176e-01
  209  0.007893  4.94681e-01  3.4980e-01
  210  0.007990  1.45583e+00  6.5108e-01
  211  0.008088  3.28595e-01  3.2860e-01
  212  0.008185  1.02299e+00  5.9063e-01
  213  0.008282  1.04381e+00  6.0266e-01
  214  0.008380  3.51285e-01  3.5129e-01
  215  0.008477  3.56103e-01  3.5611e-01
  216  0.008575  7.07235e-01  5.0010e-01
  217  0.008672  6.99791e-01  4.9483e-01
  218  0.008770  1.38317e+00  6.9160e-01
  219  0.008867  1.01635e+00  5.8680e-01
  220  0.008964  9.74335e-01  5.6254e-01
  221  0.009062  3.18266e-01  3.1827e-01
  222  0.009159  3.16666e-01  3.1667e-01
  223  0.009257  1.14245e+00  5.7124e-01
  224  0.009354  2.91911e-01  2.9191e-01
  225  0.009452  1.00728e+00  5.8156e-01
  226  0.009549  4.02321e-01  4.0232e-01
  227  0.009647  8.83272e-01  6.2458e-01
  228  0.009744  8.92793e-01  6.3131e-01
  229  0.009841  0.00000e+00  0.0000e+00
  230  0.009939  8.97431e-01  6.3459e-01
  231  0.010036  4.41806e-01  4.4181e-01
  232  0.010134  3.75357e-01  3.7536e-01
  233  0.010231  0.00000e+00  0.0000e+00
  234  0.010329  1.24039e+00  5.0640e-01
  235  0.010426  1.25688e+00  4.7507e-01
  236  0.010524  1.79873e+00  6.7988e-01
  237  0.010621  7.95348e-01  5.6240e-01
  238  0.010718  4.15728e-01  4.1573e-01
  239  0.010816  2.05540e+00  9.1924e-01
  240  0.010913  0.00000e+00  0.0000e+00
  241  0.011011  1.35420e+00  7.8186e-01
  242  0.011108  9.37631e-01  6.6302e-01
  243  0.011206  4.83071e-01  4.8308e-01
  244  0.011303  1.44824e+00  8.3617e-01
  245  0.011400  9.00432e-01  6.3671e-01
  246  0.011498  0.00000e+00  0.0000e+00
  247  0.011595  7.07080e-01  4.9999e-01
  248  0.011693  6.71391e-01  4.7475e-01
  249  0.011790  9.02764e-01  5.2122e-01
  250  0.011888  4.86131e-01  3.4375e-01
  251  0.011985  2.03689e-01  2.0369e-01
  252  0.012083  6.97478e-01  3.1193e-01
  253  0.012180  1.09674e+00  3.3069e-01
  254  0.012277  8.52364e-01  2.6955e-01
  255  0.012375  4.74880e-01  1.5829e-01
  258    1    2    0    0    0    0  255
 TiCr Empty  # experiment title
 111.00   2.080  0.0000  300.000   0.0 0
                  0.0974  0.0000  0.0000
    1 -0.012375  5.31166e-01  5.3117e-01
    2 -0.012277  6.18108e-01  1.1896e-01
    3 -0.012180  5.01848e-01  1.6728e-01
    4 -0.012083  1.82501e-01  1.2905e-01
    5 -0.011985  2.52369e-01  1.7845e-01
    6 -0.011888  7.11847e-01  3.1835e-01
    7 -0.011790  8.69855e-01  3.5512e-01
    8 -0.011693  3.46498e-01  2.4501e-01
    9 -0.011595  8.86284e-01  3.9636e-01
   10 -0.011498  9.28850e-01  3.7921e-01
   11 -0.011400  5.85651e-01  2.9283e-01
   12 -0.011303  1.17366e-01  1.1737e-01
   13 -0.011206  7.17472e-01  3.5874e-01
   14 -0.011108  9.24831e-01  4.1360e-01
   15 -0.011011  6.42755e-01  3.7110e-01
   16 -0.010913  2.66333e-01  2.6633e-01
   17 -0.010816  8.43745e-01  4.8714e-01
   18 -0.010718  2.46782e-01  2.4678e-01
   19 -0.010621  3.51451e-01  2.4851e-01
   20 -0.010524  3.97970e-01  2.2977e-01
   21 -0.010426  4.67827e-01  2.7010e-01
   22 -0.010329  5.91400e-01  3.4145e-01
   23 -0.010231  2.60279e-01  2.6028e-01
   24 -0.010134  2.98743e-01  2.9874e-01
   25 -0.010036  9.45217e-01  5.4573e-01
   26 -0.009939  1.27424e+00  6.3713e-01
   27 -0.009841  3.21898e-01  3.2190e-01
   28 -0.009744  6.49236e-01  4.5908e-01
   29 -0.009647  3.17454e-01  3.1746e-01
   30 -0.009549  5.66453e-01  4.0055e-01
   31 -0.009452  6.71760e-01  3.8785e-01
   32 -0.009354  3.51064e-01  2.4824e-01
   33 -0.009257  5.08784e-01  2.9375e-01
   34 -0.009159  0.00000e+00  0.0000e+00
   35 -0.009062  4.42341e-01  3.1278e-01
   36 -0.008964  7.39157e-01  4.2676e-01
   37 -0.008867  2.74163e-01  2.7416e-01
   38 -0.008770  0.00000e+00  0.0000e+00
   39 -0.008672  2.97254e-01  2.9726e-01
   40 -0.008575  2.91526e-01  2.9153e-01
   41 -0.008477  0.00000e+00  0.0000e+00
   42 -0.008380  2.82108e-01  2.8211e-01
   43 -0.008282  2.62113e-01  2.6211e-01
   44 -0.008185  4.80036e-01  3.3944e-01
   45 -0.008088  9.15459e-01  4.5774e-01
   46 -0.007990  1.41419e+00  5.7735e-01
   47 -0.007893  2.39639e-01  2.3964e-01
   48 -0.007795  7.15681e-01  4.1320e-01
   49 -0.007698  0.00000e+00  0.0000e+00
   50 -0.007600  1.25866e+00  5.6290e-01
   51 -0.007503  1.06341e+00  5.3171e-01
   52 -0.007405  1.63641e+00  6.6808e-01
   53 -0.007308  1.35242e+00  6.0483e-01
   54 -0.007211  1.06171e+00  5.3087e-01
   55 -0.007113  1.02826e+00  5.1414e-01
   56 -0.007016  9.86621e-01  4.9332e-01
   57 -0.006918  2.39779e-01  2.3978e-01
   58 -0.006821  9.15642e-01  4.5783e-01
   59 -0.006723  6.38428e-01  3.6860e-01
   60 -0.006626  1.02529e+00  4.5853e-01
   61 -0.006528  4.25175e-01  3.0065e-01
   62 -0.006431  7.19406e-01  4.1535e-01
   63 -0.006334  2.76766e-01  2.7677e-01
   64 -0.006236  8.92808e-01  5.1547e-01
   65 -0.006139  9.01113e-01  5.2027e-01
   66 -0.006041  2.83966e-01  2.8397e-01
   67 -0.005944  1.00825e+00  5.0413e-01
   68 -0.005846  1.21728e+00  4.9696e-01
   69 -0.005749  3.59056e-01  2.5389e-01
   70 -0.005652  8.20114e-01  4.1006e-01
   71 -0.005554  1.22606e+00  5.4832e-01
   72 -0.005457  8.16515e-01  4.7142e-01
   73 -0.005359  8.56319e-01  4.9440e-01
   74 -0.005262  5.59343e-01  3.9552e-01
   75 -0.005164  1.03341e+00  5.1672e-01
   76 -0.005067  9.45530e-01  4.7277e-01
   77 -0.004969  1.08966e+00  4.8732e-01
   78 -0.004872  4.25667e-01  3.0099e-01
   79 -0.004775  4.47385e-01  3.1635e-01
   80 -0.004677  0.00000e+00  0.0000e+00
   81 -0.004580  0.00000e+00  0.0000e+00
   82 -0.004482  4.39686e-01  3.1091e-01
   83 -0.004385  2.37702e-01  2.3770e-01
   84 -0.004287  7.81818e-01  4.5139e-01
   85 -0.004190  1.09743e+00  5.4872e-01
   86 -0.004092  1.08506e+00  5.4254e-01
   87 -0.003995  5.05240e-01  3.5726e-01
   88 -0.003898  6.55594e-01  3.7851e-01
   89 -0.003800  1.14305e+00  4.6666e-01
   90 -0.003703  1.15062e+00  4.6975e-01
   91 -0.003605  4.35375e-01  3.0786e-01
   92 -0.003508  7.26712e-01  4.1957e-01
   93 -0.003410  5.24532e-01  3.7090e-01
   94 -0.003313  5.37497e-01  3.8007e-01
   95 -0.003216  1.01272e+00  5.0637e-01
   96 -0.003118  6.78269e-01  3.9160e-01
   97 -0.003021  4.16960e-01  2.9484e-01
   98 -0.002923  1.09289e+00  4.8876e-01
   99 -0.002826  7.15460e-01  4.1308e-01
  100 -0.002728  4.85047e-01  3.4298e-01
  101 -0.002631  9.51201e-01  4.7561e-01
  102 -0.002533  1.34309e+00  5.4833e-01
  103 -0.002436  8.31001e-01  4.1551e-01
  104 -0.002339  3.96415e-01  2.8031e-01
  105 -0.002241  1.25205e+00  5.1116e-01
  106 -0.002144  4.55500e-01  3.2209e-01
  107 -0.002046  2.22104e+00  7.4037e-01
  108 -0.001949  1.51347e+00  6.1789e-01
  109 -0.001851  7.35784e-01  4.2481e-01
  110 -0.001754  1.62254e+00  6.1328e-01
  111 -0.001656  1.11550e+00  4.9887e-01
  112 -0.001559  8.85755e-01  4.4288e-01
  113 -0.001462  1.33472e+00  5.4491e-01
  114 -0.001364  6.84780e-01  3.9536e-01
  115 -0.001267  2.74652e+00  7.9289e-01
  116 -0.001169  2.25728e+00  7.1384e-01
  117 -0.001072  3.30598e+00  8.5365e-01
  118 -0.000974  4.41180e+00  9.8658e-01
  119 -0.000877  3.21034e+00  8.5805e-01
  120 -0.000780  8.38981e+00  1.4183e+00
  121 -0.000682  1.26483e+01  1.7544e+00
  122 -0.000585  2.06252e+01  2.2248e+00
  123 -0.000487  3.51320e+01  2.8326e+00
  124 -0.000390  5.07080e+01  3.2966e+00
  125 -0.000292  7.60066e+01  3.9510e+00
  126 -0.000195  1.06332e+02  4.6846e+00
  127 -0.000097  1.38881e+02  5.4472e+00
  128  0.000000  1.41609e+02  5.6639e+00
  129  0.000097  1.59845e+02  6.0704e+00
  130  0.000195  1.74855e+02  6.3071e+00
  131  0.000292  1.80179e+02  6.4664e+00
  132  0.000390  1.75292e+02  6.5109e+00
  133  0.000487  1.72902e+02  6.4664e+00
  134  0.000585  1.66272e+02  6.1042e+00
  135  0.000682  1.35440e+02  5.2208e+00
  136  0.000780  1.25425e+02  4.9876e+00
  137  0.000877  9.48211e+01  4.4376e+00
  138  0.000974  7.80528e+01  4.1597e+00
  139  0.001072  5.76506e+01  3.7723e+00
  140  0.001169  4.64957e+01  3.4975e+00
  141  0.001267  4.00502e+01  3.2943e+00
  142  0.001364  3.08307e+01  2.8277e+00
  143  0.001462  2.83369e+01  2.6098e+00
  144  0.001559  2.14980e+01  2.1836e+00
  145  0.001656  1.92495e+01  2.0185e+00
  146  0.001754  1.31993e+01  1.6633e+00
  147  0.001851  1.03191e+01  1.5054e+00
  148  0.001949  6.08691e+00  1.1939e+00
  149  0.002046  8.63038e+00  1.4386e+00
  150  0.002144  5.30954e+00  1.1321e+00
  151  0.002241  5.73926e+00  1.1968e+00
  152  0.002339  3.87847e+00  1.0015e+00
  153  0.002436  5.34666e+00  1.1957e+00
  154  0.002533  2.35607e+00  7.8539e-01
  155  0.002631  3.48019e+00  9.3017e-01
  156  0.002728  2.99532e+00  8.3079e-01
  157  0.002826  8.84000e-01  4.4201e-01
  158  0.002923  1.79898e+00  6.3605e-01
  159  0.003021  9.60355e-01  4.8019e-01
  160  0.003118  2.04230e+00  7.2209e-01
  161  0.003216  1.05144e+00  5.2573e-01
  162  0.003313  1.03281e+00  5.1641e-01
  163  0.003410  9.90657e-01  4.9534e-01
  164  0.003508  7.22891e-01  4.1737e-01
  165  0.003605  9.79853e-01  4.8993e-01
  166  0.003703  9.89492e-01  4.9475e-01
  167  0.003800  5.11530e-01  3.6171e-01
  168  0.003898  5.25094e-01  3.7130e-01
  169  0.003995  2.65795e-01  2.6580e-01
  170  0.004092  5.27884e-01  3.7327e-01
  171  0.004190  1.04589e+00  5.2295e-01
  172  0.004287  1.07670e+00  5.3836e-01
  173  0.004385  1.38807e+00  6.2078e-01
  174  0.004482  8.47609e-01  4.8937e-01
  175  0.004580  5.46691e-01  3.8657e-01
  176  0.004677  1.25298e+00  5.6036e-01
  177  0.004775  1.12274e+00  5.0211e-01
  178  0.004872  9.00332e-01  4.5017e-01
  179  0.004969  2.48577e-01  2.4858e-01
  180  0.005067  1.10473e+00  5.5237e-01
  181  0.005164  3.00925e-01  3.0093e-01
  182  0.005262  6.32075e-01  4.4695e-01
  183  0.005359  9.72449e-01  5.6145e-01
  184  0.005457  9.75524e-01  5.6323e-01
  185  0.005554  3.20247e-01  3.2025e-01
  186  0.005652  6.34342e-01  4.4855e-01
  187  0.005749  6.24468e-01  4.4157e-01
  188  0.005846  3.02929e-01  3.0293e-01
  189  0.005944  5.07426e-15  3.8030e-08
  190  0.006041  7.99779e-01  4.6176e-01
  191  0.006139  2.55085e-01  2.5509e-01
  192  0.006236  7.87904e-01  4.5490e-01
  193  0.006334  2.75345e-01  2.7535e-01
  194  0.006431  5.20788e-15  3.9031e-08
  195  0.006528  6.10721e-01  4.3185e-01
  196  0.006626  6.18457e-01  4.3732e-01
  197  0.006723  6.32937e-01  4.4756e-01
  198  0.006821  3.13369e-01  3.1337e-01
  199  0.006918  3.15269e-01  3.1527e-01
  200  0.007016  6.30772e-01  4.4603e-01
  201  0.007113  3.23899e-01  3.2390e-01
  202  0.007211  2.97994e-15  3.1585e-08
  203  0.007308  3.47477e-01  3.4748e-01
  204  0.007405  1.38702e+00  6.9353e-01
  205  0.007503  3.41034e-01  3.4104e-01
  206  0.007600  3.25762e-01  3.2576e-01
  207  0.007698  5.96497e-01  4.2179e-01
  208  0.007795  0.00000e+00  0.0000e+00
  209  0.007893  8.15572e-01  4.7088e-01
  210  0.007990  6.40051e-01  4.5259e-01
  211  0.008088  0.00000e+00  0.0000e+00
  212  0.008185  3.74796e-01  3.7480e-01
  213  0.008282  7.64853e-01  5.4084e-01
  214  0.008380  1.54442e+00  7.7223e-01
  215  0.008477  7.82800e-01  5.5353e-01
  216  0.008575  3.88668e-01  3.8867e-01
  217  0.008672  0.00000e+00  0.0000e+00
  218  0.008770  3.80067e-01  3.8007e-01
  219  0.008867  1.86183e+00  8.3266e-01
  220  0.008964  1.42788e+00  7.1396e-01
  221  0.009062  6.99626e-01  4.9472e-01
  222  0.009159  1.04416e+00  6.0286e-01
  223  0.009257  9.41769e-01  5.4374e-01
  224  0.009354  3.20846e-01  3.2085e-01
  225  0.009452  0.00000e+00  0.0000e+00
  226  0.009549  0.00000e+00  0.0000e+00
  227  0.009647  9.70823e-01  6.8649e-01
  228  0.009744  4.90644e-01  4.9065e-01
  229  0.009841  4.92724e-01  4.9273e-01
  230  0.009939  9.86385e-01  6.9749e-01
  231  0.010036  9.71197e-01  6.8675e-01
  232  0.010134  1.23769e+00  7.1459e-01
  233  0.010231  3.04382e-01  3.0438e-01
  234  0.010329  2.27223e-01  2.2722e-01
  235  0.010426  1.97351e-01  1.9735e-01
  236  0.010524  0.00000e+00  0.0000e+00
  237  0.010621  8.74183e-01  6.1815e-01
  238  0.010718  0.00000e+00  0.0000e+00
  239  0.010816  9.03655e-01  6.3899e-01
  240  0.010913  9.42419e-01  6.6640e-01
  241  0.011011  4.96141e-01  4.9615e-01
  242  0.011108  1.03057e+00  7.2874e-01
  243  0.011206  5.30954e-01  5.3096e-01
  244  0.011303  0.00000e+00  0.0000e+00
  245  0.011400  2.96905e+00  1.2122e+00
  246  0.011498  4.31793e-01  4.3180e-01
  247  0.011595  1.55433e+00  7.7719e-01
  248  0.011693  1.84485e+00  8.2507e-01
  249  0.011790  1.32300e+00  6.6151e-01
  250  0.011888  1.06863e+00  5.3433e-01
  251  0.011985  2.23879e-01  2.2388e-01
  252  0.012083  1.07326e+00  4.0566e-01
  253  0.012180  1.42462e+00  3.9513e-01
  254  0.012277  1.03054e+00  3.1072e-01
  255  0.012375  1.33387e+00  2.7814e-01
  258    1    2    0    0    0    0  255
 TiCr Empty  # experiment title
 131.00   2.080  0.0000  300.000   0.0 0
                  0.0974  0.0000  0.0000
    1 -0.012375  9.68297e-01  6.8470e-01
    2 -0.012277  9.38990e-01  1.3998e-01
    3 -0.012180  8.64026e-01  2.0956e-01
    4 -0.012083  7.48557e-01  2.4952e-01
    5 -0.011985  8.05103e-01  3.0430e-01
    6 -0.011888  5.19069e-01  2.5954e-01
    7 -0.011790  5.28571e-01  2.6429e-01
    8 -0.011693  3.15827e-01  2.2332e-01
    9 -0.011595  1.13096e+00  4.2747e-01
   10 -0.011498  8.46630e-01  3.4564e-01
   11 -0.011400  6.67263e-01  2.9841e-01
   12 -0.011303  7.48837e-01  2.8304e-01
   13 -0.011206  1.14444e+00  4.3256e-01
   14 -0.011108  3.37187e-01  2.3843e-01
   15 -0.011011  5.85860e-01  3.3825e-01
   16 -0.010913  1.21379e+00  5.4284e-01
   17 -0.010816  7.69058e-01  4.4402e-01
   18 -0.010718  4.49875e-01  3.1811e-01
   19 -0.010621  4.80512e-01  2.7743e-01
   20 -0.010524  6.04571e-01  2.7038e-01
   21 -0.010426  7.10694e-01  3.1784e-01
   22 -0.010329  8.98417e-01  4.0179e-01
   23 -0.010231  9.48958e-01  4.7449e-01
   24 -0.010134  5.44598e-01  3.8509e-01
   25 -0.010036  5.74366e-01  4.0614e-01
   26 -0.009939  1.45181e+00  6.4928e-01
   27 -0.009841  1.46702e+00  6.5609e-01
   28 -0.009744  2.95884e-01  2.9589e-01
   29 -0.009647  5.78708e-01  4.0921e-01
   30 -0.009549  5.16312e-01  3.6509e-01
   31 -0.009452  0.00000e+00  0.0000e+00
   32 -0.009354  3.19988e-01  2.2627e-01
   33 -0.009257  9.27494e-01  3.7865e-01
   34 -0.009159  3.56456e-01  2.5205e-01
   35 -0.009062  4.03186e-01  2.8510e-01
   36 -0.008964  8.98305e-01  4.4916e-01
   37 -0.008867  0.00000e+00  0.0000e+00
   38 -0.008770  5.31319e-01  3.7570e-01
   39 -0.008672  1.08377e+00  5.4189e-01
   40 -0.008575  1.06288e+00  5.3145e-01
   41 -0.008477  7.93808e-01  4.5831e-01
   42 -0.008380  7.71410e-01  4.4538e-01
   43 -0.008282  7.16733e-01  4.1381e-01
   44 -0.008185  8.75088e-01  4.3755e-01
   45 -0.008088  8.34425e-01  4.1722e-01
   46 -0.007990  1.07418e+00  4.8039e-01
   47 -0.007893  4.36854e-01  3.0890e-01
   48 -0.007795  2.17443e-01  2.1744e-01
   49 -0.007698  6.55739e-01  3.7860e-01
   50 -0.007600  9.17800e-01  4.5891e-01
   51 -0.007503  1.69623e+00  6.4114e-01
   52 -0.007405  7.45778e-01  4.3058e-01
   53 -0.007308  1.23271e+00  5.5130e-01
   54 -0.007211  7.25800e-01  4.1905e-01
   55 -0.007113  4.68620e-01  3.3137e-01
   56 -0.007016  6.74465e-01  3.8941e-01
   57 -0.006918  1.74844e+00  6.1818e-01
   58 -0.006821  8.34591e-01  4.1730e-01
   59 -0.006723  5.81916e-01  3.3597e-01
   60 -0.006626  3.73814e-01  2.6433e-01
   61 -0.006528  5.81309e-01  3.3562e-01
   62 -0.006431  6.55726e-01  3.7859e-01
   63 -0.006334  2.52267e-01  2.5227e-01
   64 -0.006236  2.71259e-01  2.7126e-01
   65 -0.006139  5.47565e-01  3.8719e-01
   66 -0.006041  5.17660e-01  3.6604e-01
   67 -0.005944  4.59499e-01  3.2492e-01
   68 -0.005846  9.24609e-01  4.1350e-01
   69 -0.005749  9.81821e-01  4.0083e-01
   70 -0.005652  9.34399e-01  4.1788e-01
   71 -0.005554  4.47014e-01  3.1609e-01
   72 -0.005457  2.20828e-15  2.3406e-08
   73 -0.005359  5.20346e-01  3.6794e-01
   74 -0.005262  1.01966e+00  5.0984e-01
   75 -0.005164  4.70969e-01  3.3303e-01
   76 -0.005067  4.30917e-01  3.0471e-01
   77 -0.004969  9.93202e-01  4.4418e-01
   78 -0.004872  1.35796e+00  5.1327e-01
   79 -0.004775  8.15566e-01  4.0779e-01
   80 -0.004677  2.07200e-01  2.0720e-01
   81 -0.004580  5.96902e-01  3.4463e-01
   82 -0.004482  1.80345e+00  6.0117e-01
   83 -0.004385  2.16661e-01  2.1666e-01
   84 -0.004287  1.18769e+00  5.3116e-01
   85 -0.004190  5.00142e-01  3.5366e-01
   86 -0.004092  4.94505e-01  3.4967e-01
   87 -0.003995  4.60517e-01  3.2564e-01
   88 -0.003898  5.97562e-01  3.4501e-01
   89 -0.003800  5.20937e-01  3.0077e-01
   90 -0.003703  6.99180e-01  3.4959e-01
   91 -0.003605  1.98418e-01  1.9842e-01
   92 -0.003508  1.10397e+00  4.9372e-01
   93 -0.003410  4.78102e-01  3.3807e-01
   94 -0.003313  7.34878e-01  4.2429e-01
   95 -0.003216  1.38461e+00  5.6528e-01
   96 -0.003118  8.24307e-01  4.1216e-01
   97 -0.003021  1.14015e+00  4.6548e-01
   98 -0.002923  1.59383e+00  5.6352e-01
   99 -0.002826  1.08688e+00  4.8608e-01
  100 -0.002728  1.54739e+00  5.8487e-01
  101 -0.002631  8.67003e-01  4.3351e-01
  102 -0.002533  1.22420e+00  4.9979e-01
  103 -0.002436  1.51488e+00  5.3561e-01
  104 -0.002339  1.44530e+00  5.1100e-01
  105 -0.002241  1.33142e+00  5.0324e-01
  106 -0.002144  4.15180e-01  2.9358e-01
  107 -0.002046  1.12469e+00  5.0299e-01
  108 -0.001949  2.29917e+00  7.2709e-01
  109 -0.001851  1.56486e+00  5.9148e-01
  110 -0.001754  4.22546e-01  2.9879e-01
  111 -0.001656  2.44021e+00  7.0446e-01
  112 -0.001559  1.21102e+00  4.9441e-01
  113 -0.001462  1.01381e+00  4.5340e-01
  114 -0.001364  2.70471e+00  7.5019e-01
  115 -0.001267  2.71202e+00  7.5222e-01
  116 -0.001169  2.05747e+00  6.5065e-01
  117 -0.001072  1.40623e+00  5.3152e-01
  118 -0.000974  3.01596e+00  7.7876e-01
  119 -0.000877  3.13518e+00  8.0955e-01
  120 -0.000780  3.71434e+00  9.0092e-01
  121 -0.000682  8.20311e+00  1.3488e+00
  122 -0.000585  1.50833e+01  1.8163e+00
  123 -0.000487  2.34968e+01  2.2113e+00
  124 -0.000390  3.95888e+01  2.7806e+00
  125 -0.000292  5.04184e+01  3.0712e+00
  126 -0.000195  5.77394e+01  3.2934e+00
  127 -0.000097  7.54099e+01  3.8286e+00
  128  0.000000  8.42682e+01  4.1680e+00
  129  0.000097  7.35795e+01  3.9270e+00
  130  0.000195  7.42249e+01  3.9172e+00
  131  0.000292  5.59349e+01  3.4330e+00
  132  0.000390  4.90942e+01  3.2831e+00
  133  0.000487  4.60298e+01  3.1790e+00
  134  0.000585  3.04733e+01  2.4895e+00
  135  0.000682  2.39233e+01  2.0911e+00
  136  0.000780  1.35026e+01  1.5595e+00
  137  0.000877  6.98216e+00  1.1480e+00
  138  0.000974  4.43389e+00  9.4538e-01
  139  0.001072  3.59299e+00  8.9831e-01
  140  0.001169  1.91548e+00  6.7725e-01
  141  0.001267  2.46656e+00  7.8003e-01
  142  0.001364  1.41689e+00  5.7846e-01
  143  0.001462  2.62663e+00  7.5828e-01
  144  0.001559  2.22212e+00  6.7002e-01
  145  0.001656  1.73528e+00  5.7844e-01
  146  0.001754  1.71870e+00  5.7292e-01
  147  0.001851  1.60096e+00  5.6604e-01
  148  0.001949  2.98744e+00  7.9847e-01
  149  0.002046  4.15173e+00  9.5254e-01
  150  0.002144  3.73965e+00  9.0706e-01
  151  0.002241  3.86657e+00  9.3785e-01
  152  0.002339  3.06381e+00  8.4979e-01
  153  0.002436  3.65504e+00  9.4379e-01
  154  0.002533  1.67029e+00  6.3133e-01
  155  0.002631  3.17213e+00  8.4783e-01
  156  0.002728  3.36022e+00  8.4011e-01
  157  0.002826  1.41006e+00  5.3297e-01
  158  0.002923  2.25464e+00  6.7983e-01
  159  0.003021  2.62604e+00  7.5811e-01
  160  0.003118  2.79228e+00  8.0610e-01
  161  0.003216  1.43755e+00  5.8689e-01
  162  0.003313  2.58881e+00  7.8059e-01
  163  0.003410  2.03167e+00  6.7725e-01
  164  0.003508  1.31780e+00  5.3800e-01
  165  0.003605  1.11640e+00  4.9928e-01
  166  0.003703  9.01904e-01  4.5096e-01
  167  0.003800  9.32500e-01  4.6626e-01
  168  0.003898  1.19653e+00  5.3512e-01
  169  0.003995  4.84535e-01  3.4262e-01
  170  0.004092  4.28302e-15  3.2100e-08
  171  0.004190  9.53310e-01  4.7666e-01
  172  0.004287  9.81397e-01  4.9071e-01
  173  0.004385  1.51824e+00  6.1984e-01
  174  0.004482  1.54516e+00  6.3083e-01
  175  0.004580  7.47449e-01  4.3155e-01
  176  0.004677  4.56829e-01  3.2303e-01
  177  0.004775  1.43270e+00  5.4152e-01
  178  0.004872  1.23095e+00  5.0255e-01
  179  0.004969  9.06293e-01  4.5315e-01
  180  0.005067  7.55205e-01  4.3602e-01
  181  0.005164  1.09715e+00  5.4859e-01
  182  0.005262  1.15225e+00  5.7614e-01
  183  0.005359  8.86370e-01  5.1175e-01
  184  0.005457  1.18556e+00  5.9279e-01
  185  0.005554  8.75699e-01  5.0559e-01
  186  0.005652  8.67287e-01  5.0074e-01
  187  0.005749  5.69192e-01  4.0248e-01
  188  0.005846  1.10446e+00  5.5224e-01
  189  0.005944  1.03917e+00  5.1960e-01
  190  0.006041  2.42995e-01  2.4300e-01
  191  0.006139  6.97516e-01  4.0272e-01
  192  0.006236  4.78773e-01  3.3855e-01
  193  0.006334  2.50972e-01  2.5097e-01
  194  0.006431  5.33268e-01  3.7708e-01
  195  0.006528  8.34992e-01  4.8209e-01
  196  0.006626  0.00000e+00  0.0000e+00
  197  0.006723  1.44228e+00  6.4502e-01
  198  0.006821  5.71261e-01  4.0395e-01
  199  0.006918  8.62087e-01  4.9773e-01
  200  0.007016  8.62406e-01  4.9792e-01
  201  0.007113  2.62797e-15  2.7854e-08
  202  0.007211  6.10270e-01  4.3153e-01
  203  0.007308  9.50158e-01  5.4858e-01
  204  0.007405  2.21243e+00  8.3625e-01
  205  0.007503  6.21693e-01  4.3961e-01
  206  0.007600  1.18771e+00  5.9387e-01
  207  0.007698  1.35924e+00  6.0789e-01
  208  0.007795  9.68410e-01  4.8421e-01
  209  0.007893  4.95586e-01  3.5044e-01
  210  0.007990  1.16679e+00  5.8341e-01
  211  0.008088  1.31678e+00  6.5841e-01
  212  0.008185  1.36648e+00  6.8326e-01
  213  0.008282  6.97149e-01  4.9297e-01
  214  0.008380  1.05578e+00  6.0957e-01
  215  0.008477  1.42702e+00  7.1353e-01
  216  0.008575  7.08528e-01  5.0101e-01
  217  0.008672  1.05161e+00  6.0716e-01
  218  0.008770  1.03927e+00  6.0004e-01
  219  0.008867  1.69702e+00  7.5895e-01
  220  0.008964  9.76117e-01  5.6357e-01
  221  0.009062  9.56545e-01  5.5227e-01
  222  0.009159  6.34490e-01  4.4866e-01
  223  0.009257  5.72270e-01  4.0466e-01
  224  0.009354  1.16978e+00  5.8490e-01
  225  0.009452  0.00000e+00  0.0000e+00
  226  0.009549  0.00000e+00  0.0000e+00
  227  0.009647  4.42444e-01  4.4245e-01
  228  0.009744  2.23606e+00  1.0000e+00
  229  0.009841  0.00000e+00  0.0000e+00
  230  0.009939  1.34861e+00  7.7864e-01
  231  0.010036  0.00000e+00  0.0000e+00
  232  0.010134  2.63231e+00  9.9497e-01
  233  0.010231  1.10975e+00  5.5489e-01
  234  0.010329  1.03555e+00  4.6312e-01
  235  0.010426  1.25917e+00  4.7593e-01
  236  0.010524  2.57431e-01  2.5743e-01
  237  0.010621  3.98401e-01  3.9840e-01
  238  0.010718  4.16488e-01  4.1649e-01
  239  0.010816  2.88283e+00  1.0897e+00
  240  0.010913  1.28850e+00  7.4393e-01
  241  0.011011  4.52224e-01  4.5223e-01
  242  0.011108  4.69673e-01  4.6968e-01
  243  0.011206  9.67909e-01  6.8443e-01
  244  0.011303  1.93452e+00  9.6729e-01
  245  0.011400  9.02079e-01  6.3788e-01
  246  0.011498  7.87143e-01  5.5660e-01
  247  0.011595  1.06256e+00  6.1348e-01
  248  0.011693  1.00893e+00  5.8252e-01
  249  0.011790  6.02944e-01  4.2635e-01
  250  0.011888  1.21755e+00  5.4452e-01
  251  0.011985  1.02031e+00  4.5630e-01
  252  0.012083  1.11801e+00  3.9528e-01
  253  0.012180  1.49829e+00  3.8687e-01
  254  0.012277  1.19549e+00  3.1952e-01
  255  0.012375  7.40053e-01  1.9779e-01
  258    1    2    0    0    0    0  255
 TiCr Empty  # experiment title
 151.00   2.080  0.0000  300.000   0.0 0
                  0.0974  0.0000  0.0000
    1 -0.012375  1.56911e+00  9.0595e-01
    2 -0.012277  1.57797e+00  1.8861e-01
    3 -0.012180  1.37269e+00  2.7454e-01
    4 -0.012083  1.61737e+00  3.8123e-01
    5 -0.011985  7.45518e-01  3.0436e-01
    6 -0.011888  1.96266e+00  5.2456e-01
    7 -0.011790  1.57032e+00  4.7348e-01
    8 -0.011693  1.70597e+00  5.3949e-01
    9 -0.011595  1.39635e+00  4.9370e-01
   10 -0.011498  1.06707e+00  4.0332e-01
   11 -0.011400  1.00920e+00  3.8145e-01
   12 -0.011303  8.08985e-01  3.0577e-01
   13 -0.011206  1.94285e+00  5.8581e-01
   14 -0.011108  9.10675e-01  4.0727e-01
   15 -0.011011  1.05486e+00  4.7176e-01
   16 -0.010913  1.04903e+00  5.2452e-01
   17 -0.010816  1.38472e+00  6.1928e-01
   18 -0.010718  1.21502e+00  5.4339e-01
   19 -0.010621  6.92143e-01  3.4608e-01
   20 -0.010524  1.43689e+00  4.3325e-01
   21 -0.010426  9.21333e-01  3.7614e-01
   22 -0.010329  1.16469e+00  4.7549e-01
   23 -0.010231  5.12590e-01  3.6246e-01
   24 -0.010134  1.76502e+00  7.2059e-01
   25 -0.010036  1.86150e+00  7.5998e-01
   26 -0.009939  2.50947e+00  8.8727e-01
   27 -0.009841  1.26788e+00  6.3395e-01
   28 -0.009744  1.27860e+00  6.3931e-01
   29 -0.009647  1.25038e+00  6.2520e-01
   30 -0.009549  1.95224e+00  7.3790e-01
   31 -0.009452  8.81970e-01  4.4099e-01
   32 -0.009354  1.20992e+00  4.5731e-01
   33 -0.009257  1.00199e+00  4.0907e-01
   34 -0.009159  1.34781e+00  5.0943e-01
   35 -0.009062  1.08893e+00  4.8699e-01
   36 -0.008964  7.27844e-01  4.2023e-01
   37 -0.008867  1.88977e+00  7.1429e-01
   38 -0.008770  2.00898e+00  7.5935e-01
   39 -0.008672  1.75623e+00  7.1700e-01
   40 -0.008575  1.72238e+00  7.0318e-01
   41 -0.008477  2.00099e+00  7.5633e-01
   42 -0.008380  1.66674e+00  6.8046e-01
   43 -0.008282  0.00000e+00  0.0000e+00
   44 -0.008185  1.41806e+00  5.7894e-01
   45 -0.008088  6.76085e-01  3.9034e-01
   46 -0.007990  1.39255e+00  5.6852e-01
   47 -0.007893  2.35971e+00  7.4624e-01
   48 -0.007795  1.64436e+00  6.2153e-01
   49 -0.007698  1.18068e+00  5.2803e-01
   50 -0.007600  2.72668e+00  8.2216e-01
   51 -0.007503  2.09426e+00  7.4046e-01
   52 -0.007405  1.87992e+00  7.1056e-01
   53 -0.007308  1.06538e+00  5.3270e-01
   54 -0.007211  1.04546e+00  5.2274e-01
   55 -0.007113  1.77191e+00  6.6974e-01
   56 -0.007016  1.21440e+00  5.4311e-01
   57 -0.006918  1.41665e+00  5.7836e-01
   58 -0.006821  1.35244e+00  5.5214e-01
   59 -0.006723  2.51462e+00  7.2594e-01
   60 -0.006626  1.61536e+00  5.7113e-01
   61 -0.006528  1.46533e+00  5.5386e-01
   62 -0.006431  7.08395e-01  4.0900e-01
   63 -0.006334  2.45277e+00  8.1762e-01
   64 -0.006236  1.46524e+00  6.5529e-01
   65 -0.006139  5.91547e-01  4.1829e-01
   66 -0.006041  5.59239e-01  3.9545e-01
   67 -0.005944  1.24102e+00  5.5501e-01
   68 -0.005846  7.99100e-01  3.9956e-01
   69 -0.005749  1.41424e+00  5.0002e-01
   70 -0.005652  1.81701e+00  6.0569e-01
   71 -0.005554  0.00000e+00  0.0000e+00
   72 -0.005457  1.07202e+00  5.3602e-01
   73 -0.005359  5.62141e-01  3.9750e-01
   74 -0.005262  1.10156e+00  5.5079e-01
   75 -0.005164  2.54399e-01  2.5440e-01
   76 -0.005067  9.31057e-01  4.6554e-01
   77 -0.004969  1.28757e+00  5.2566e-01
   78 -0.004872  1.04788e+00  4.6863e-01
   79 -0.004775  1.54188e+00  5.8279e-01
   80 -0.004677  1.11922e+00  5.0054e-01
   81 -0.004580  6.44846e-01  3.7231e-01
   82 -0.004482  2.16478e-01  2.1648e-01
   83 -0.004385  1.87251e+00  6.6205e-01
   84 -0.004287  1.53970e+00  6.2860e-01
   85 -0.004190  2.70157e-01  2.7016e-01
   86 -0.004092  8.01337e-01  4.6266e-01
   87 -0.003995  1.99003e+00  7.0360e-01
   88 -0.003898  1.72149e+00  6.0866e-01
   89 -0.003800  9.37965e-01  4.1948e-01
   90 -0.003703  1.32184e+00  4.9962e-01
   91 -0.003605  1.07178e+00  4.7932e-01
   92 -0.003508  4.77059e-01  3.3733e-01
   93 -0.003410  7.74756e-01  4.4731e-01
   94 -0.003313  2.38171e+00  7.9394e-01
   95 -0.003216  9.97215e-01  4.9862e-01
   96 -0.003118  1.55840e+00  5.8904e-01
   97 -0.003021  1.02644e+00  4.5905e-01
   98 -0.002923  1.72185e+00  6.0878e-01
   99 -0.002826  1.64386e+00  6.2134e-01
  100 -0.002728  1.91049e+00  6.7548e-01
  101 -0.002631  2.34160e-01  2.3416e-01
  102 -0.002533  2.42464e+00  7.3109e-01
  103 -0.002436  6.13711e-01  3.5433e-01
  104 -0.002339  1.56139e+00  5.5205e-01
  105 -0.002241  1.23289e+00  5.0333e-01
  106 -0.002144  1.79411e+00  6.3433e-01
  107 -0.002046  7.29015e-01  4.2090e-01
  108 -0.001949  1.73869e+00  6.5718e-01
  109 -0.001851  1.93206e+00  6.8311e-01
  110 -0.001754  1.59770e+00  6.0389e-01
  111 -0.001656  1.53779e+00  5.8125e-01
  112 -0.001559  2.18049e+00  6.8956e-01
  113 -0.001462  1.31429e+00  5.3657e-01
  114 -0.001364  1.12383e+00  5.0260e-01
  115 -0.001267  9.01495e-01  4.5075e-01
  116 -0.001169  3.11182e+00  8.3171e-01
  117 -0.001072  1.51918e+00  5.7421e-01
  118 -0.000974  1.73771e+00  6.1439e-01
  119 -0.000877  9.03202e-01  4.5161e-01
  120 -0.000780  2.12436e+00  7.0814e-01
  121 -0.000682  2.39513e+00  7.5744e-01
  122 -0.000585  2.12541e+00  7.0850e-01
  123 -0.000487  4.94203e+00  1.0537e+00
  124 -0.000390  4.84571e+00  1.0105e+00
  125 -0.000292  6.45548e+00  1.1413e+00
  126 -0.000195  1.05312e+01  1.4607e+00
  127 -0.000097  1.48693e+01  1.7651e+00
  128  0.000000  1.93175e+01  2.0717e+00
  129  0.000097  2.66470e+01  2.4541e+00
  130  0.000195  2.89563e+01  2.5409e+00
  131  0.000292  4.24811e+01  3.1087e+00
  132  0.000390  3.85943e+01  3.0249e+00
  133  0.000487  4.71223e+01  3.3430e+00
  134  0.000585  4.76257e+01  3.2356e+00
  135  0.000682  4.53765e+01  2.9943e+00
  136  0.000780  4.41506e+01  2.9325e+00
  137  0.000877  4.79081e+01  3.1277e+00
  138  0.000974  4.65939e+01  3.1876e+00
  139  0.001072  4.36678e+01  3.2572e+00
  140  0.001169  4.03520e+01  3.2329e+00
  141  0.001267  3.81049e+01  3.1885e+00
  142  0.001364  3.67366e+01  3.0633e+00
  143  0.001462  3.14501e+01  2.7285e+00
  144  0.001559  2.61884e+01  2.3917e+00
  145  0.001656  2.56203e+01  2.3111e+00
  146  0.001754  2.14557e+01  2.1047e+00
  147  0.001851  1.53498e+01  1.8222e+00
  148  0.001949  1.56759e+01  1.9015e+00
  149  0.002046  1.32196e+01  1.7669e+00
  150  0.002144  7.12946e+00  1.3018e+00
  151  0.002241  6.87998e+00  1.3003e+00
  152  0.002339  5.34675e+00  1.1669e+00
  153  0.002436  4.73834e+00  1.1169e+00
  154  0.002533  2.83557e+00  8.5500e-01
  155  0.002631  2.93736e+00  8.4798e-01
  156  0.002728  1.58818e+00  6.0029e-01
  157  0.002826  2.39379e+00  7.2178e-01
  158  0.002923  1.77144e+00  6.2632e-01
  159  0.003021  1.65490e+00  6.2551e-01
  160  0.003118  1.50828e+00  6.1577e-01
  161  0.003216  1.81185e+00  6.8484e-01
  162  0.003313  1.77975e+00  6.7270e-01
  163  0.003410  9.75493e-01  4.8775e-01
  164  0.003508  2.13548e+00  7.1185e-01
  165  0.003605  2.17092e+00  7.2367e-01
  166  0.003703  7.30760e-01  4.2191e-01
  167  0.003800  1.00740e+00  5.0371e-01
  168  0.003898  1.80970e+00  6.8402e-01
  169  0.003995  1.04691e+00  5.2346e-01
  170  0.004092  1.81931e+00  6.8766e-01
  171  0.004190  1.28735e+00  5.7573e-01
  172  0.004287  5.30112e-01  3.7485e-01
  173  0.004385  1.64019e+00  6.6962e-01
  174  0.004482  1.94748e+00  7.3610e-01
  175  0.004580  1.07665e+00  5.3833e-01
  176  0.004677  1.23381e+00  5.5179e-01
  177  0.004775  1.99000e+00  6.6336e-01
  178  0.004872  1.10819e+00  4.9561e-01
  179  0.004969  1.46863e+00  5.9958e-01
  180  0.005067  1.90368e+00  7.1955e-01
  181  0.005164  2.66687e+00  8.8900e-01
  182  0.005262  1.86720e+00  7.6231e-01
  183  0.005359  1.91513e+00  7.8187e-01
  184  0.005457  9.60592e-01  5.5461e-01
  185  0.005554  5.61410e-15  4.2076e-08
  186  0.005652  9.36949e-01  5.4096e-01
  187  0.005749  6.14910e-01  4.3481e-01
  188  0.005846  1.78975e+00  7.3068e-01
  189  0.005944  2.80660e-01  2.8066e-01
  190  0.006041  5.25025e-01  3.7125e-01
  191  0.006139  2.00944e+00  7.1047e-01
  192  0.006236  1.55169e+00  6.3349e-01
  193  0.006334  5.42261e-01  3.8344e-01
  194  0.006431  1.44025e+00  6.4412e-01
  195  0.006528  1.20275e+00  6.0139e-01
  196  0.006626  1.52248e+00  6.8089e-01
  197  0.006723  2.80462e+00  9.3492e-01
  198  0.006821  2.46858e+00  8.7281e-01
  199  0.006918  1.24177e+00  6.2090e-01
  200  0.007016  9.31676e-01  5.3791e-01
  201  0.007113  1.91365e+00  7.8127e-01
  202  0.007211  6.59288e-01  4.6619e-01
  203  0.007308  3.42159e-01  3.4216e-01
  204  0.007405  1.70724e+00  7.6352e-01
  205  0.007503  1.67907e+00  7.5092e-01
  206  0.007600  2.24543e+00  8.4873e-01
  207  0.007698  1.46842e+00  6.5671e-01
  208  0.007795  1.56929e+00  6.4068e-01
  209  0.007893  1.87387e+00  7.0828e-01
  210  0.007990  1.26051e+00  6.3027e-01
  211  0.008088  1.42255e+00  7.1129e-01
  212  0.008185  1.84530e+00  8.2527e-01
  213  0.008282  2.63601e+00  9.9636e-01
  214  0.008380  2.66136e+00  1.0059e+00
  215  0.008477  2.31245e+00  9.4409e-01
  216  0.008575  3.82719e+00  1.2103e+00
  217  0.008672  1.89345e+00  8.4681e-01
  218  0.008770  1.87125e+00  8.3687e-01
  219  0.008867  1.10000e+00  6.3510e-01
  220  0.008964  1.75753e+00  7.8602e-01
  221  0.009062  2.75567e+00  9.7432e-01
  222  0.009159  2.05636e+00  8.3953e-01
  223  0.009257  1.54559e+00  6.9123e-01
  224  0.009354  6.31870e-01  4.4680e-01
  225  0.009452  1.45356e+00  7.2680e-01
  226  0.009549  3.91888e+00  1.3064e+00
  227  0.009647  9.55963e-01  6.7598e-01
  228  0.009744  1.44940e+00  8.3683e-01
  229  0.009841  9.70365e-01  6.8616e-01
  230  0.009939  1.94257e+00  9.7132e-01
  231  0.010036  3.34716e+00  1.2652e+00
  232  0.010134  8.12496e-01  5.7453e-01
  233  0.010231  5.99445e-01  4.2388e-01
  234  0.010329  2.68494e+00  7.7511e-01
  235  0.010426  2.13764e+00  6.4454e-01
  236  0.010524  2.50298e+00  8.3436e-01
  237  0.010621  2.15201e+00  9.6244e-01
  238  0.010718  3.14959e+00  1.1905e+00
  239  0.010816  3.55929e+00  1.2585e+00
  240  0.010913  1.85599e+00  9.2802e-01
  241  0.011011  1.46564e+00  8.4621e-01
  242  0.011108  1.52219e+00  8.7886e-01
  243  0.011206  1.04565e+00  7.3940e-01
  244  0.011303  1.56743e+00  9.0498e-01
  245  0.011400  9.74535e-01  6.8911e-01
  246  0.011498  1.27555e+00  7.3646e-01
  247  0.011595  2.29581e+00  9.3730e-01
  248  0.011693  2.54326e+00  9.6130e-01
  249  0.011790  1.62843e+00  7.2828e-01
  250  0.011888  2.63069e+00  8.3193e-01
  251  0.011985  3.08633e+00  8.2490e-01
  252  0.012083  2.41561e+00  6.0393e-01
  253  0.012180  2.48190e+00  5.1753e-01
  254  0.012277  3.13654e+00  5.3794e-01
  255  0.012375  2.11295e+00  3.4738e-01
