  258    1    2    0    0    0    0  255
 Vanadium RT  # experiment title
  23.80   2.080  0.0000  300.000   0.0 0
                  0.0970  0.0000  0.0000
    1 -0.012313  1.08703e+01  1.0452e+00
    2 -0.012216  1.06151e+01  8.1993e-01
    3 -0.012120  1.23225e+01  1.3130e+00
    4 -0.012023  9.48151e+00  1.4254e+00
    5 -0.011926  8.61090e+00  1.5155e+00
    6 -0.011829  9.92469e+00  1.7316e+00
    7 -0.011732  1.09213e+01  1.8812e+00
    8 -0.011635  1.19238e+01  1.9790e+00
    9 -0.011538  1.38083e+01  2.0850e+00
   10 -0.011441  1.16967e+01  1.9041e+00
   11 -0.011344  1.24702e+01  1.9105e+00
   12 -0.011247  9.49288e+00  1.6602e+00
   13 -0.011150  1.02362e+01  1.9102e+00
   14 -0.011053  1.01652e+01  2.0437e+00
   15 -0.010956  1.28535e+01  2.5042e+00
   16 -0.010859  1.07703e+01  2.4067e+00
   17 -0.010762  6.10164e+00  1.7659e+00
   18 -0.010665  1.02330e+01  2.0490e+00
   19 -0.010568  1.04850e+01  1.8179e+00
   20 -0.010471  9.32409e+00  1.6439e+00
   21 -0.010374  7.65068e+00  1.6503e+00
   22 -0.010277  8.34634e+00  1.9346e+00
   23 -0.010180  1.07966e+01  2.4351e+00
   24 -0.010083  9.88186e+00  2.4477e+00
   25 -0.009986  9.05810e+00  2.3988e+00
   26 -0.009890  9.75587e+00  2.5234e+00
   27 -0.009793  9.34837e+00  2.5031e+00
   28 -0.009696  7.76857e+00  2.2845e+00
   29 -0.009599  9.26353e+00  2.4240e+00
   30 -0.009502  1.00074e+01  2.3297e+00
   31 -0.009405  8.72363e+00  1.9235e+00
   32 -0.009308  8.78999e+00  1.7445e+00
   33 -0.009211  1.16482e+01  2.0054e+00
   34 -0.009114  9.87817e+00  1.9985e+00
   35 -0.009017  7.68683e+00  1.8891e+00
   36 -0.008920  9.86583e+00  2.2772e+00
   37 -0.008823  1.05122e+01  2.4811e+00
   38 -0.008726  6.88596e+00  2.0619e+00
   39 -0.008629  7.88387e+00  2.2229e+00
   40 -0.008532  8.92506e+00  2.3387e+00
   41 -0.008435  8.87773e+00  2.2897e+00
   42 -0.008338  9.38212e+00  2.2778e+00
   43 -0.008241  8.23715e+00  2.0268e+00
   44 -0.008144  9.87153e+00  2.1081e+00
   45 -0.008047  1.15152e+01  2.2583e+00
   46 -0.007950  1.29873e+01  2.5048e+00
   47 -0.007853  1.24126e+01  2.5220e+00
   48 -0.007756  1.08213e+01  2.3569e+00
   49 -0.007660  9.88731e+00  2.2417e+00
   50 -0.007563  1.28176e+01  2.5751e+00
   51 -0.007466  1.24896e+01  2.5857e+00
   52 -0.007369  1.05458e+01  2.4021e+00
   53 -0.007272  1.00011e+01  2.3337e+00
   54 -0.007175  6.85550e+00  1.9074e+00
   55 -0.007078  6.94032e+00  1.8719e+00
   56 -0.006981  9.50085e+00  2.1469e+00
   57 -0.006884  1.06817e+01  2.2557e+00
   58 -0.006787  1.11980e+01  2.2893e+00
   59 -0.006690  8.26182e+00  1.9233e+00
   60 -0.006593  8.91168e+00  1.9729e+00
   61 -0.006496  9.50410e+00  2.0613e+00
   62 -0.006399  1.05879e+01  2.2737e+00
   63 -0.006302  7.25638e+00  1.9973e+00
   64 -0.006205  8.66447e+00  2.2568e+00
   65 -0.006108  9.88856e+00  2.4197e+00
   66 -0.006011  9.89373e+00  2.3628e+00
   67 -0.005914  9.44198e+00  2.1664e+00
   68 -0.005817  9.39541e+00  1.9624e+00
   69 -0.005720  1.57759e+01  2.4273e+00
   70 -0.005623  9.53166e+00  2.0243e+00
   71 -0.005526  9.62163e+00  2.2190e+00
   72 -0.005430  7.25980e+00  2.0129e+00
   73 -0.005333  8.00651e+00  2.1592e+00
   74 -0.005236  9.74349e+00  2.3475e+00
   75 -0.005139  6.55628e+00  1.8524e+00
   76 -0.005042  9.58623e+00  2.1135e+00
   77 -0.004945  9.98825e+00  2.0609e+00
   78 -0.004848  1.11416e+01  2.1853e+00
   79 -0.004751  1.42671e+01  2.5845e+00
   80 -0.004654  1.00632e+01  2.2180e+00
   81 -0.004557  1.39412e+01  2.5702e+00
   82 -0.004460  1.00899e+01  2.1411e+00
   83 -0.004363  8.21051e+00  1.9506e+00
   84 -0.004266  1.17988e+01  2.4195e+00
   85 -0.004169  1.09361e+01  2.4048e+00
   86 -0.004072  9.67236e+00  2.2758e+00
   87 -0.003975  1.11112e+01  2.3830e+00
   88 -0.003878  1.05808e+01  2.2093e+00
   89 -0.003781  1.21666e+01  2.2196e+00
   90 -0.003684  1.10458e+01  2.0907e+00
   91 -0.003587  9.91128e+00  2.0922e+00
   92 -0.003490  1.04874e+01  2.2792e+00
   93 -0.003393  1.27662e+01  2.6066e+00
   94 -0.003297  1.18528e+01  2.5317e+00
   95 -0.003200  8.97833e+00  2.1485e+00
   96 -0.003103  9.70382e+00  2.1147e+00
   97 -0.003006  1.24069e+01  2.2843e+00
   98 -0.002909  1.53046e+01  2.5722e+00
   99 -0.002812  1.46818e+01  2.6301e+00
  100 -0.002715  1.01132e+01  2.2413e+00
  101 -0.002618  9.26392e+00  2.1422e+00
  102 -0.002521  1.40897e+01  2.5759e+00
  103 -0.002424  1.55789e+01  2.6183e+00
  104 -0.002327  1.32647e+01  2.3365e+00
  105 -0.002230  1.08986e+01  2.1227e+00
  106 -0.002133  1.21737e+01  2.3228e+00
  107 -0.002036  1.18564e+01  2.3861e+00
  108 -0.001939  1.28450e+01  2.5342e+00
  109 -0.001842  1.22362e+01  2.4727e+00
  110 -0.001745  1.40767e+01  2.6096e+00
  111 -0.001648  1.49323e+01  2.6313e+00
  112 -0.001551  1.48638e+01  2.6033e+00
  113 -0.001454  2.12689e+01  3.1181e+00
  114 -0.001357  1.17441e+01  2.3338e+00
  115 -0.001260  1.43895e+01  2.5813e+00
  116 -0.001163  1.94207e+01  2.9669e+00
  117 -0.001067  1.79883e+01  2.8212e+00
  118 -0.000970  1.51051e+01  2.5880e+00
  119 -0.000873  2.03461e+01  3.0463e+00
  120 -0.000776  2.54337e+01  3.4791e+00
  121 -0.000679  2.60455e+01  3.5608e+00
  122 -0.000582  3.81871e+01  4.3184e+00
  123 -0.000485  4.46546e+01  4.5964e+00
  124 -0.000388  4.37359e+01  4.4566e+00
  125 -0.000291  6.30993e+01  5.2672e+00
  126 -0.000194  6.70750e+01  5.4083e+00
  127 -0.000097  1.07951e+02  6.8542e+00
  128  0.000000  1.33809e+02  7.6662e+00
  129  0.000097  1.65648e+02  8.4857e+00
  130  0.000194  1.96487e+02  9.3000e+00
  131  0.000291  2.01175e+02  9.6487e+00
  132  0.000388  1.89449e+02  9.5962e+00
  133  0.000485  1.76372e+02  9.2875e+00
  134  0.000582  1.49607e+02  8.2859e+00
  135  0.000679  1.25787e+02  7.3232e+00
  136  0.000776  1.07700e+02  6.6572e+00
  137  0.000873  7.00621e+01  5.4129e+00
  138  0.000970  6.91616e+01  5.5404e+00
  139  0.001067  5.88377e+01  5.3997e+00
  140  0.001163  4.51120e+01  4.8952e+00
  141  0.001260  3.47059e+01  4.3379e+00
  142  0.001357  3.74265e+01  4.4114e+00
  143  0.001454  3.10004e+01  3.8659e+00
  144  0.001551  2.80601e+01  3.5366e+00
  145  0.001648  2.24837e+01  3.1134e+00
  146  0.001745  2.33802e+01  3.1815e+00
  147  0.001842  2.37895e+01  3.2923e+00
  148  0.001939  1.59085e+01  2.7546e+00
  149  0.002036  1.37387e+01  2.5851e+00
  150  0.002133  1.68332e+01  2.8559e+00
  151  0.002230  1.80882e+01  2.9894e+00
  152  0.002327  1.33235e+01  2.6240e+00
  153  0.002424  1.15141e+01  2.4890e+00
  154  0.002521  1.61460e+01  2.9471e+00
  155  0.002618  1.43632e+01  2.7178e+00
  156  0.002715  1.42082e+01  2.6057e+00
  157  0.002812  1.52479e+01  2.6281e+00
  158  0.002909  1.17766e+01  2.2984e+00
  159  0.003006  8.14952e+00  1.9586e+00
  160  0.003103  1.25978e+01  2.5142e+00
  161  0.003200  1.23904e+01  2.5512e+00
  162  0.003297  1.28976e+01  2.6134e+00
  163  0.003393  1.03620e+01  2.3133e+00
  164  0.003490  1.84180e+01  3.0353e+00
  165  0.003587  1.33726e+01  2.5900e+00
  166  0.003684  1.42410e+01  2.6786e+00
  167  0.003781  1.16321e+01  2.4484e+00
  168  0.003878  7.49914e+00  1.9840e+00
  169  0.003975  1.29256e+01  2.6287e+00
  170  0.004072  1.59610e+01  2.9186e+00
  171  0.004169  1.29014e+01  2.6173e+00
  172  0.004266  7.85770e+00  2.0483e+00
  173  0.004363  1.63003e+01  2.9765e+00
  174  0.004460  1.16236e+01  2.5189e+00
  175  0.004557  9.66544e+00  2.2870e+00
  176  0.004654  1.13341e+01  2.4287e+00
  177  0.004751  1.09923e+01  2.3272e+00
  178  0.004848  1.14855e+01  2.3730e+00
  179  0.004945  8.29200e+00  2.0734e+00
  180  0.005042  1.11860e+01  2.4883e+00
  181  0.005139  1.11266e+01  2.5607e+00
  182  0.005236  9.81068e+00  2.4590e+00
  183  0.005333  1.50682e+01  3.0881e+00
  184  0.005430  1.65560e+01  3.2655e+00
  185  0.005526  9.72002e+00  2.4959e+00
  186  0.005623  1.16793e+01  2.7268e+00
  187  0.005720  1.45994e+01  3.0175e+00
  188  0.005817  1.11501e+01  2.5992e+00
  189  0.005914  1.29616e+01  2.7349e+00
  190  0.006011  1.54924e+01  2.9104e+00
  191  0.006108  1.23960e+01  2.5645e+00
  192  0.006205  1.40693e+01  2.7574e+00
  193  0.006302  1.37500e+01  2.7813e+00
  194  0.006399  1.00434e+01  2.4422e+00
  195  0.006496  8.83303e+00  2.3423e+00
  196  0.006593  1.22023e+01  2.7850e+00
  197  0.006690  1.08790e+01  2.6514e+00
  198  0.006787  1.30730e+01  2.9024e+00
  199  0.006884  1.67187e+01  3.2623e+00
  200  0.006981  1.58974e+01  3.1762e+00
  201  0.007078  1.30195e+01  2.8783e+00
  202  0.007175  1.14870e+01  2.7261e+00
  203  0.007272  1.34396e+01  2.9850e+00
  204  0.007369  1.14849e+01  2.7891e+00
  205  0.007466  1.29377e+01  2.9738e+00
  206  0.007563  1.03706e+01  2.6351e+00
  207  0.007660  1.52661e+01  3.1198e+00
  208  0.007756  1.32102e+01  2.8044e+00
  209  0.007853  1.27950e+01  2.7425e+00
  210  0.007950  1.13281e+01  2.6780e+00
  211  0.008047  1.05832e+01  2.7145e+00
  212  0.008144  1.29682e+01  3.0756e+00
  213  0.008241  8.85620e+00  2.5669e+00
  214  0.008338  8.74672e+00  2.5716e+00
  215  0.008435  1.46339e+01  3.3468e+00
  216  0.008532  1.38352e+01  3.2661e+00
  217  0.008629  1.04307e+01  2.8223e+00
  218  0.008726  1.64140e+01  3.5370e+00
  219  0.008823  1.42371e+01  3.2971e+00
  220  0.008920  1.53616e+01  3.4027e+00
  221  0.009017  1.51362e+01  3.3349e+00
  222  0.009114  1.17265e+01  2.9364e+00
  223  0.009211  1.37236e+01  3.0910e+00
  224  0.009308  1.27481e+01  2.8860e+00
  225  0.009405  1.39234e+01  3.1031e+00
  226  0.009502  1.60862e+01  3.6094e+00
  227  0.009599  1.05094e+01  3.0998e+00
  228  0.009696  1.10380e+01  3.2450e+00
  229  0.009793  1.21251e+01  3.4331e+00
  230  0.009890  5.81771e+00  2.3791e+00
  231  0.009986  9.43524e+00  3.0065e+00
  232  0.010083  1.10816e+01  3.1243e+00
  233  0.010180  1.52509e+01  3.2824e+00
  234  0.010277  1.54435e+01  2.8965e+00
  235  0.010374  1.59329e+01  2.6644e+00
  236  0.010471  1.61776e+01  2.7998e+00
  237  0.010568  1.58998e+01  3.3260e+00
  238  0.010665  1.00947e+01  2.9588e+00
  239  0.010762  9.44305e+00  2.9142e+00
  240  0.010859  9.28437e+00  2.9571e+00
  241  0.010956  1.13501e+01  3.3339e+00
  242  0.011053  1.51127e+01  3.9356e+00
  243  0.011150  1.27821e+01  3.6798e+00
  244  0.011247  1.31938e+01  3.7330e+00
  245  0.011344  1.47580e+01  3.8848e+00
  246  0.011441  1.40062e+01  3.6455e+00
  247  0.011538  1.36277e+01  3.4006e+00
  248  0.011635  1.05772e+01  2.8622e+00
  249  0.011732  9.71319e+00  2.5950e+00
  250  0.011829  2.03689e+01  3.4296e+00
  251  0.011926  1.50163e+01  2.6484e+00
  252  0.012023  1.44328e+01  2.2496e+00
  253  0.012120  1.46109e+01  1.9493e+00
  254  0.012216  1.12553e+01  1.5343e+00
  255  0.012313  1.24705e+01  1.3661e+00
  258    1    2    0    0    0    0  255
 Vanadium RT  # experiment title
  34.70   2.080  0.0000  300.000   0.0 0
                  0.0970  0.0000  0.0000
    1 -0.012313  4.38445e+00  6.2241e-01
    2 -0.012216  4.66008e+00  5.0939e-01
    3 -0.012120  4.14016e+00  7.1357e-01
    4 -0.012023  5.66233e+00  1.0328e+00
    5 -0.011926  5.35127e+00  1.1202e+00
    6 -0.011829  5.80642e+00  1.2419e+00
    7 -0.011732  5.99189e+00  1.3065e+00
    8 -0.011635  5.44832e+00  1.2543e+00
    9 -0.011538  5.12722e+00  1.1913e+00
   10 -0.011441  4.13553e+00  1.0616e+00
   11 -0.011344  4.33667e+00  1.0564e+00
   12 -0.011247  3.51112e+00  9.4674e-01
   13 -0.011150  3.68688e+00  1.0749e+00
   14 -0.011053  3.56696e+00  1.1351e+00
   15 -0.010956  5.70844e+00  1.5648e+00
   16 -0.010859  3.97608e+00  1.3711e+00
   17 -0.010762  4.02233e+00  1.3444e+00
   18 -0.010665  4.18913e+00  1.2292e+00
   19 -0.010568  4.83880e+00  1.1580e+00
   20 -0.010471  4.68260e+00  1.0923e+00
   21 -0.010374  4.65019e+00  1.2064e+00
   22 -0.010277  4.44518e+00  1.3238e+00
   23 -0.010180  2.99298e+00  1.2021e+00
   24 -0.010083  3.40567e+00  1.3473e+00
   25 -0.009986  3.55512e+00  1.4091e+00
   26 -0.009890  3.72145e+00  1.4613e+00
   27 -0.009793  6.81840e+00  2.0044e+00
   28 -0.009696  5.18184e+00  1.7495e+00
   29 -0.009599  3.39772e+00  1.3765e+00
   30 -0.009502  4.75972e+00  1.5065e+00
   31 -0.009405  4.65054e+00  1.3169e+00
   32 -0.009308  4.85357e+00  1.2155e+00
   33 -0.009211  4.96925e+00  1.2282e+00
   34 -0.009114  3.83246e+00  1.1672e+00
   35 -0.009017  3.96314e+00  1.2718e+00
   36 -0.008920  5.06769e+00  1.5303e+00
   37 -0.008823  4.29685e+00  1.4873e+00
   38 -0.008726  3.03196e+00  1.2829e+00
   39 -0.008629  4.16457e+00  1.5149e+00
   40 -0.008532  3.66705e+00  1.4056e+00
   41 -0.008435  5.18402e+00  1.6406e+00
   42 -0.008338  2.84549e+00  1.1762e+00
   43 -0.008241  4.14669e+00  1.3484e+00
   44 -0.008144  4.40861e+00  1.3210e+00
   45 -0.008047  3.29130e+00  1.1320e+00
   46 -0.007950  4.34544e+00  1.3585e+00
   47 -0.007853  3.75243e+00  1.3002e+00
   48 -0.007756  4.47844e+00  1.4216e+00
   49 -0.007660  3.20433e+00  1.1966e+00
   50 -0.007563  3.35421e+00  1.2351e+00
   51 -0.007466  4.76327e+00  1.4972e+00
   52 -0.007369  4.64985e+00  1.4955e+00
   53 -0.007272  4.01194e+00  1.3859e+00
   54 -0.007175  5.28032e+00  1.5696e+00
   55 -0.007078  6.69502e+00  1.7239e+00
   56 -0.006981  5.70643e+00  1.5601e+00
   57 -0.006884  7.01466e+00  1.7140e+00
   58 -0.006787  5.06116e+00  1.4431e+00
   59 -0.006690  3.98155e+00  1.2519e+00
   60 -0.006593  4.27203e+00  1.2808e+00
   61 -0.006496  4.67698e+00  1.3558e+00
   62 -0.006399  3.20808e+00  1.1735e+00
   63 -0.006302  5.00335e+00  1.5551e+00
   64 -0.006205  4.76668e+00  1.5695e+00
   65 -0.006108  2.76004e+00  1.1986e+00
   66 -0.006011  3.01949e+00  1.2239e+00
   67 -0.005914  4.40875e+00  1.3880e+00
   68 -0.005817  3.00101e+00  1.0399e+00
   69 -0.005720  4.40630e+00  1.2028e+00
   70 -0.005623  5.29521e+00  1.4148e+00
   71 -0.005526  6.62596e+00  1.7266e+00
   72 -0.005430  6.11394e+00  1.7321e+00
   73 -0.005333  5.39153e+00  1.6614e+00
   74 -0.005236  3.70032e+00  1.3565e+00
   75 -0.005139  3.76477e+00  1.3162e+00
   76 -0.005042  4.39484e+00  1.3418e+00
   77 -0.004945  5.52937e+00  1.4378e+00
   78 -0.004848  4.07142e+00  1.2387e+00
   79 -0.004751  5.69771e+00  1.5314e+00
   80 -0.004654  3.77541e+00  1.2738e+00
   81 -0.004557  1.95846e+00  9.0323e-01
   82 -0.004460  3.54990e+00  1.1908e+00
   83 -0.004363  3.51504e+00  1.1967e+00
   84 -0.004266  5.15766e+00  1.4999e+00
   85 -0.004169  4.21172e+00  1.3993e+00
   86 -0.004072  3.26314e+00  1.2394e+00
   87 -0.003975  3.31435e+00  1.2203e+00
   88 -0.003878  4.86027e+00  1.4040e+00
   89 -0.003781  6.16728e+00  1.4817e+00
   90 -0.003684  3.60359e+00  1.1197e+00
   91 -0.003587  3.51136e+00  1.1677e+00
   92 -0.003490  4.64773e+00  1.4227e+00
   93 -0.003393  5.68960e+00  1.6316e+00
   94 -0.003297  3.67869e+00  1.3225e+00
   95 -0.003200  4.42295e+00  1.4140e+00
   96 -0.003103  6.81791e+00  1.6621e+00
   97 -0.003006  5.08175e+00  1.3707e+00
   98 -0.002909  5.30665e+00  1.4201e+00
   99 -0.002812  4.20908e+00  1.3204e+00
  100 -0.002715  4.97574e+00  1.4741e+00
  101 -0.002618  7.09132e+00  1.7574e+00
  102 -0.002521  5.99131e+00  1.5750e+00
  103 -0.002424  5.87617e+00  1.5077e+00
  104 -0.002327  5.95022e+00  1.4673e+00
  105 -0.002230  5.68599e+00  1.4376e+00
  106 -0.002133  6.73742e+00  1.6203e+00
  107 -0.002036  4.79732e+00  1.4231e+00
  108 -0.001939  8.33165e+00  1.9137e+00
  109 -0.001842  7.21292e+00  1.7801e+00
  110 -0.001745  4.41482e+00  1.3703e+00
  111 -0.001648  6.79747e+00  1.6646e+00
  112 -0.001551  4.79193e+00  1.3859e+00
  113 -0.001454  6.03252e+00  1.5570e+00
  114 -0.001357  5.69382e+00  1.5237e+00
  115 -0.001260  6.84421e+00  1.6692e+00
  116 -0.001163  5.63542e+00  1.4985e+00
  117 -0.001067  6.63584e+00  1.6066e+00
  118 -0.000970  7.42820e+00  1.7017e+00
  119 -0.000873  8.73146e+00  1.8711e+00
  120 -0.000776  7.87897e+00  1.8156e+00
  121 -0.000679  6.48390e+00  1.6658e+00
  122 -0.000582  1.06330e+01  2.1364e+00
  123 -0.000485  7.57817e+00  1.7752e+00
  124 -0.000388  1.27441e+01  2.2554e+00
  125 -0.000291  1.38973e+01  2.3173e+00
  126 -0.000194  1.98877e+01  2.7608e+00
  127 -0.000097  2.59059e+01  3.1473e+00
  128  0.000000  2.30742e+01  2.9836e+00
  129  0.000097  3.30825e+01  3.5537e+00
  130  0.000194  3.30925e+01  3.5761e+00
  131  0.000291  5.57740e+01  4.7607e+00
  132  0.000388  5.23189e+01  4.7257e+00
  133  0.000485  6.73202e+01  5.3778e+00
  134  0.000582  7.96270e+01  5.6666e+00
  135  0.000679  8.72688e+01  5.7188e+00
  136  0.000776  8.16573e+01  5.4349e+00
  137  0.000873  9.89026e+01  6.0315e+00
  138  0.000970  1.06645e+02  6.4525e+00
  139  0.001067  1.04904e+02  6.7624e+00
  140  0.001163  1.05660e+02  7.0270e+00
  141  0.001260  1.00862e+02  6.9367e+00
  142  0.001357  1.04267e+02  6.9066e+00
  143  0.001454  9.03890e+01  6.1917e+00
  144  0.001551  9.20043e+01  6.0068e+00
  145  0.001648  7.20003e+01  5.2256e+00
  146  0.001745  7.61387e+01  5.3849e+00
  147  0.001842  7.45886e+01  5.4677e+00
  148  0.001939  6.55609e+01  5.2447e+00
  149  0.002036  4.86355e+01  4.5614e+00
  150  0.002133  5.01452e+01  4.6227e+00
  151  0.002230  4.78463e+01  4.5597e+00
  152  0.002327  3.90079e+01  4.2105e+00
  153  0.002424  3.38856e+01  4.0042e+00
  154  0.002521  3.01904e+01  3.7791e+00
  155  0.002618  3.10987e+01  3.7502e+00
  156  0.002715  2.84247e+01  3.4560e+00
  157  0.002812  2.80741e+01  3.3441e+00
  158  0.002909  1.80709e+01  2.6697e+00
  159  0.003006  1.89034e+01  2.7972e+00
  160  0.003103  1.97179e+01  2.9495e+00
  161  0.003200  1.56938e+01  2.6923e+00
  162  0.003297  1.49086e+01  2.6346e+00
  163  0.003393  1.08576e+01  2.2203e+00
  164  0.003490  1.33257e+01  2.4208e+00
  165  0.003587  1.39208e+01  2.4779e+00
  166  0.003684  2.03639e+01  3.0035e+00
  167  0.003781  1.23980e+01  2.3702e+00
  168  0.003878  1.06827e+01  2.2204e+00
  169  0.003975  8.43484e+00  1.9911e+00
  170  0.004072  9.80378e+00  2.1448e+00
  171  0.004169  8.27351e+00  1.9653e+00
  172  0.004266  8.30149e+00  1.9741e+00
  173  0.004363  9.47053e+00  2.1273e+00
  174  0.004460  9.28125e+00  2.1105e+00
  175  0.004557  8.73920e+00  2.0391e+00
  176  0.004654  4.63884e+00  1.4569e+00
  177  0.004751  5.83754e+00  1.5901e+00
  178  0.004848  5.43459e+00  1.5305e+00
  179  0.004945  5.34162e+00  1.5604e+00
  180  0.005042  8.65098e+00  2.0519e+00
  181  0.005139  6.08326e+00  1.7754e+00
  182  0.005236  3.60510e+00  1.3977e+00
  183  0.005333  3.53718e+00  1.4029e+00
  184  0.005430  4.67104e+00  1.6263e+00
  185  0.005526  5.64734e+00  1.7838e+00
  186  0.005623  6.56752e+00  1.9172e+00
  187  0.005720  4.81983e+00  1.6257e+00
  188  0.005817  5.86758e+00  1.7680e+00
  189  0.005914  4.88682e+00  1.5746e+00
  190  0.006011  3.70942e+00  1.3353e+00
  191  0.006108  4.39188e+00  1.4313e+00
  192  0.006205  5.67711e+00  1.6423e+00
  193  0.006302  3.92467e+00  1.3933e+00
  194  0.006399  6.04874e+00  1.7771e+00
  195  0.006496  4.38645e+00  1.5477e+00
  196  0.006593  4.48798e+00  1.5837e+00
  197  0.006690  6.07480e+00  1.8577e+00
  198  0.006787  3.84484e+00  1.4758e+00
  199  0.006884  3.35566e+00  1.3703e+00
  200  0.006981  4.21007e+00  1.5325e+00
  201  0.007078  5.17052e+00  1.7007e+00
  202  0.007175  6.59282e+00  1.9365e+00
  203  0.007272  5.97770e+00  1.8666e+00
  204  0.007369  6.20312e+00  1.9220e+00
  205  0.007466  6.31232e+00  1.9477e+00
  206  0.007563  5.10791e+00  1.7340e+00
  207  0.007660  6.55343e+00  1.9166e+00
  208  0.007756  6.48649e+00  1.8426e+00
  209  0.007853  8.10131e+00  2.0462e+00
  210  0.007950  8.37038e+00  2.1585e+00
  211  0.008047  4.20150e+00  1.6037e+00
  212  0.008144  6.97675e+00  2.1152e+00
  213  0.008241  4.25534e+00  1.6684e+00
  214  0.008338  2.49780e+00  1.2885e+00
  215  0.008435  4.12081e+00  1.6652e+00
  216  0.008532  3.25963e+00  1.4864e+00
  217  0.008629  5.99922e+00  2.0070e+00
  218  0.008726  6.05594e+00  2.0144e+00
  219  0.008823  6.57068e+00  2.1002e+00
  220  0.008920  4.98985e+00  1.8183e+00
  221  0.009017  4.15253e+00  1.6378e+00
  222  0.009114  5.88493e+00  1.9505e+00
  223  0.009211  4.54453e+00  1.6678e+00
  224  0.009308  4.30485e+00  1.5725e+00
  225  0.009405  3.25300e+00  1.4063e+00
  226  0.009502  2.07720e+00  1.2161e+00
  227  0.009599  3.12311e+00  1.5844e+00
  228  0.009696  3.93073e+00  1.8157e+00
  229  0.009793  7.83645e+00  2.5879e+00
  230  0.009890  3.34198e+00  1.6908e+00
  231  0.009986  3.51063e+00  1.7196e+00
  232  0.010083  4.36220e+00  1.8380e+00
  233  0.010180  5.70069e+00  1.8816e+00
  234  0.010277  5.66228e+00  1.6445e+00
  235  0.010374  5.07302e+00  1.4096e+00
  236  0.010471  5.56316e+00  1.5394e+00
  237  0.010568  6.40767e+00  1.9797e+00
  238  0.010665  5.97253e+00  2.1340e+00
  239  0.010762  4.91382e+00  1.9711e+00
  240  0.010859  5.22208e+00  2.0794e+00
  241  0.010956  6.68634e+00  2.3993e+00
  242  0.011053  4.47349e+00  2.0077e+00
  243  0.011150  6.10138e+00  2.3838e+00
  244  0.011247  3.95217e+00  1.9157e+00
  245  0.011344  5.56552e+00  2.2368e+00
  246  0.011441  5.81494e+00  2.2024e+00
  247  0.011538  4.23994e+00  1.7785e+00
  248  0.011635  5.83685e+00  1.9936e+00
  249  0.011732  3.81384e+00  1.5246e+00
  250  0.011829  5.15239e+00  1.6172e+00
  251  0.011926  4.60049e+00  1.3744e+00
  252  0.012023  5.66773e+00  1.3218e+00
  253  0.012120  5.35422e+00  1.1064e+00
  254  0.012216  5.24541e+00  9.8213e-01
  255  0.012313  5.01949e+00  8.1266e-01
  258    1    2    0    0    0    0  255
 Vanadium RT  # experiment title
  51.00   2.080  0.0000  300.000   0.0 0
                  0.0970  0.0000  0.0000
    1 -0.012313  1.38861e+00  2.3096e-01
    2 -0.012216  1.45930e+00  1.8795e-01
    3 -0.012120  1.60135e+00  2.9262e-01
    4 -0.012023  1.22341e+00  3.1655e-01
    5 -0.011926  1.27262e+00  3.6020e-01
    6 -0.011829  1.97508e+00  4.7758e-01
    7 -0.011732  1.57060e+00  4.4105e-01
    8 -0.011635  1.04874e+00  3.6286e-01
    9 -0.011538  2.07594e+00  4.9981e-01
   10 -0.011441  1.41711e+00  4.0975e-01
   11 -0.011344  1.66210e+00  4.3122e-01
   12 -0.011247  1.77620e+00  4.4400e-01
   13 -0.011150  1.32609e+00  4.2507e-01
   14 -0.011053  1.82106e+00  5.3479e-01
   15 -0.010956  1.21144e+00  4.7530e-01
   16 -0.010859  1.23126e+00  5.0308e-01
   17 -0.010762  9.06046e-01  4.2072e-01
   18 -0.010665  1.05979e+00  4.0766e-01
   19 -0.010568  1.15591e+00  3.7317e-01
   20 -0.010471  1.28986e+00  3.7802e-01
   21 -0.010374  1.14807e+00  3.9525e-01
   22 -0.010277  1.53759e+00  5.1336e-01
   23 -0.010180  1.24548e+00  5.1133e-01
   24 -0.010083  1.36225e+00  5.6186e-01
   25 -0.009986  2.01222e+00  6.9902e-01
   26 -0.009890  1.14147e+00  5.3364e-01
   27 -0.009793  7.90147e-01  4.4990e-01
   28 -0.009696  6.88980e-01  4.2062e-01
   29 -0.009599  7.95013e-01  4.3903e-01
   30 -0.009502  9.26162e-01  4.3816e-01
   31 -0.009405  1.58814e+00  5.0741e-01
   32 -0.009308  1.06017e+00  3.7456e-01
   33 -0.009211  1.15439e+00  3.9031e-01
   34 -0.009114  1.22995e+00  4.3599e-01
   35 -0.009017  8.73449e-01  3.9369e-01
   36 -0.008920  1.21789e+00  4.9466e-01
   37 -0.008823  1.35636e+00  5.5099e-01
   38 -0.008726  1.63391e+00  6.2096e-01
   39 -0.008629  1.10396e+00  5.1428e-01
   40 -0.008532  1.23877e+00  5.3867e-01
   41 -0.008435  1.61187e+00  6.0318e-01
   42 -0.008338  1.32932e+00  5.3009e-01
   43 -0.008241  1.39522e+00  5.1572e-01
   44 -0.008144  1.88695e+00  5.6983e-01
   45 -0.008047  1.26893e+00  4.6347e-01
   46 -0.007950  5.87174e-01  3.2927e-01
   47 -0.007853  2.81945e-01  2.3499e-01
   48 -0.007756  1.04483e+00  4.5277e-01
   49 -0.007660  1.78454e+00  5.8879e-01
   50 -0.007563  1.45484e+00  5.3635e-01
   51 -0.007466  1.03506e+00  4.6020e-01
   52 -0.007369  8.37950e-01  4.1861e-01
   53 -0.007272  6.62039e-01  3.7121e-01
   54 -0.007175  1.49974e+00  5.5156e-01
   55 -0.007078  7.69425e-01  3.8533e-01
   56 -0.006981  1.17606e+00  4.6699e-01
   57 -0.006884  1.39864e+00  5.0464e-01
   58 -0.006787  1.34009e+00  4.8961e-01
   59 -0.006690  2.06499e+00  5.9449e-01
   60 -0.006593  1.68479e+00  5.3036e-01
   61 -0.006496  1.22748e+00  4.5799e-01
   62 -0.006399  7.92752e-01  3.8464e-01
   63 -0.006302  1.21706e+00  5.0571e-01
   64 -0.006205  1.02118e+00  4.7901e-01
   65 -0.006108  6.35460e-01  3.7922e-01
   66 -0.006011  5.49329e-01  3.4421e-01
   67 -0.005914  9.28928e-01  4.2011e-01
   68 -0.005817  1.33261e+00  4.5693e-01
   69 -0.005720  1.32929e+00  4.3560e-01
   70 -0.005623  1.42040e+00  4.8314e-01
   71 -0.005526  8.44588e-01  4.0645e-01
   72 -0.005430  1.19249e+00  5.0438e-01
   73 -0.005333  1.42773e+00  5.6371e-01
   74 -0.005236  1.31239e+00  5.3266e-01
   75 -0.005139  8.29738e-01  4.0743e-01
   76 -0.005042  8.38111e-01  3.8636e-01
   77 -0.004945  1.67799e+00  5.2225e-01
   78 -0.004848  1.72427e+00  5.3151e-01
   79 -0.004751  1.00044e+00  4.2311e-01
   80 -0.004654  1.16049e+00  4.6567e-01
   81 -0.004557  1.75869e+00  5.6438e-01
   82 -0.004460  5.89095e-01  3.1985e-01
   83 -0.004363  1.22799e+00  4.6639e-01
   84 -0.004266  1.52074e+00  5.3702e-01
   85 -0.004169  1.49541e+00  5.4978e-01
   86 -0.004072  1.61563e+00  5.7504e-01
   87 -0.003975  6.87911e-01  3.6658e-01
   88 -0.003878  2.43600e+00  6.5538e-01
   89 -0.003781  1.05695e+00  4.0445e-01
   90 -0.003684  6.82037e-01  3.2119e-01
   91 -0.003587  1.58818e+00  5.1780e-01
   92 -0.003490  1.65655e+00  5.6003e-01
   93 -0.003393  1.83229e+00  6.1053e-01
   94 -0.003297  4.88012e-01  3.1760e-01
   95 -0.003200  1.25220e+00  4.9607e-01
   96 -0.003103  1.76754e+00  5.5799e-01
   97 -0.003006  1.79264e+00  5.3681e-01
   98 -0.002909  1.55913e+00  5.0756e-01
   99 -0.002812  8.03779e-01  3.8045e-01
  100 -0.002715  1.60354e+00  5.5177e-01
  101 -0.002618  1.05833e+00  4.4765e-01
  102 -0.002521  1.73367e+00  5.5862e-01
  103 -0.002424  1.38622e+00  4.8286e-01
  104 -0.002327  1.90012e+00  5.4672e-01
  105 -0.002230  1.95939e+00  5.5646e-01
  106 -0.002133  9.91841e-01  4.0991e-01
  107 -0.002036  6.57061e-01  3.4728e-01
  108 -0.001939  2.08697e+00  6.3153e-01
  109 -0.001842  2.29503e+00  6.6206e-01
  110 -0.001745  2.20176e+00  6.3808e-01
  111 -0.001648  1.91938e+00  5.8322e-01
  112 -0.001551  2.19334e+00  6.1826e-01
  113 -0.001454  3.24934e+00  7.5347e-01
  114 -0.001357  2.13558e+00  6.1529e-01
  115 -0.001260  2.68475e+00  6.8933e-01
  116 -0.001163  3.49573e+00  7.7821e-01
  117 -0.001067  4.19075e+00  8.4188e-01
  118 -0.000970  4.62114e+00  8.8500e-01
  119 -0.000873  7.44921e+00  1.1396e+00
  120 -0.000776  1.13168e+01  1.4349e+00
  121 -0.000679  1.63674e+01  1.7454e+00
  122 -0.000582  2.72352e+01  2.2551e+00
  123 -0.000485  4.12567e+01  2.7323e+00
  124 -0.000388  7.29347e+01  3.5605e+00
  125 -0.000291  1.06080e+02  4.2265e+00
  126 -0.000194  1.41663e+02  4.8661e+00
  127 -0.000097  1.83574e+02  5.5355e+00
  128  0.000000  2.10947e+02  5.9624e+00
  129  0.000097  2.15818e+02  5.9993e+00
  130  0.000194  2.10590e+02  5.9622e+00
  131  0.000291  1.78035e+02  5.6187e+00
  132  0.000388  1.54642e+02  5.3655e+00
  133  0.000485  1.31693e+02  4.9656e+00
  134  0.000582  9.59739e+01  4.1050e+00
  135  0.000679  6.49307e+01  3.2537e+00
  136  0.000776  4.10989e+01  2.5426e+00
  137  0.000873  2.33702e+01  1.9328e+00
  138  0.000970  1.84026e+01  1.7668e+00
  139  0.001067  9.84984e+00  1.3657e+00
  140  0.001163  9.08226e+00  1.3579e+00
  141  0.001260  6.76361e+00  1.1839e+00
  142  0.001357  5.38448e+00  1.0344e+00
  143  0.001454  6.37814e+00  1.0841e+00
  144  0.001551  6.12817e+00  1.0218e+00
  145  0.001648  6.78327e+00  1.0573e+00
  146  0.001745  4.93564e+00  9.0372e-01
  147  0.001842  3.81851e+00  8.1546e-01
  148  0.001939  6.43461e+00  1.0831e+00
  149  0.002036  4.25844e+00  8.8980e-01
  150  0.002133  5.01875e+00  9.6410e-01
  151  0.002230  5.56116e+00  1.0248e+00
  152  0.002327  6.34751e+00  1.1198e+00
  153  0.002424  6.71305e+00  1.1750e+00
  154  0.002521  5.61462e+00  1.0745e+00
  155  0.002618  6.53459e+00  1.1334e+00
  156  0.002715  9.11246e+00  1.2902e+00
  157  0.002812  7.15065e+00  1.1128e+00
  158  0.002909  6.59829e+00  1.0637e+00
  159  0.003006  6.44266e+00  1.0767e+00
  160  0.003103  6.14280e+00  1.0855e+00
  161  0.003200  5.41483e+00  1.0427e+00
  162  0.003297  5.29859e+00  1.0356e+00
  163  0.003393  3.25014e+00  8.0099e-01
  164  0.003490  2.42862e+00  6.8141e-01
  165  0.003587  2.53291e+00  6.9690e-01
  166  0.003684  1.62802e+00  5.5992e-01
  167  0.003781  1.85977e+00  6.0527e-01
  168  0.003878  1.46422e+00  5.4201e-01
  169  0.003975  1.98557e+00  6.3697e-01
  170  0.004072  1.73546e+00  5.9498e-01
  171  0.004169  9.37775e-01  4.3625e-01
  172  0.004266  1.15863e+00  4.8627e-01
  173  0.004363  1.24228e+00  5.0801e-01
  174  0.004460  1.78671e+00  6.1055e-01
  175  0.004557  1.81651e+00  6.1296e-01
  176  0.004654  1.66152e+00  5.7491e-01
  177  0.004751  1.52028e+00  5.3507e-01
  178  0.004848  1.45741e+00  5.2261e-01
  179  0.004945  1.24449e+00  4.9662e-01
  180  0.005042  1.41040e+00  5.4627e-01
  181  0.005139  1.34547e+00  5.5053e-01
  182  0.005236  1.88492e+00  6.6638e-01
  183  0.005333  1.36947e+00  5.7556e-01
  184  0.005430  1.65057e+00  6.3744e-01
  185  0.005526  1.56306e+00  6.1879e-01
  186  0.005623  1.42889e+00  5.8966e-01
  187  0.005720  1.34258e+00  5.6573e-01
  188  0.005817  1.65791e+00  6.1965e-01
  189  0.005914  1.62625e+00  5.9892e-01
  190  0.006011  1.53478e+00  5.6633e-01
  191  0.006108  1.12322e+00  4.7726e-01
  192  0.006205  7.11724e-01  3.8341e-01
  193  0.006302  3.86923e-01  2.8845e-01
  194  0.006399  1.24228e+00  5.3103e-01
  195  0.006496  1.51252e+00  5.9924e-01
  196  0.006593  1.07009e+00  5.0989e-01
  197  0.006690  3.14247e-01  2.7859e-01
  198  0.006787  8.86457e-01  4.6726e-01
  199  0.006884  1.80319e+00  6.6236e-01
  200  0.006981  7.92886e-01  4.3853e-01
  201  0.007078  1.60592e+00  6.2497e-01
  202  0.007175  1.94305e+00  6.9318e-01
  203  0.007272  5.72479e-01  3.8088e-01
  204  0.007369  1.63825e+00  6.5126e-01
  205  0.007466  1.28051e+00  5.7841e-01
  206  0.007563  1.72565e+00  6.6457e-01
  207  0.007660  2.43033e+00  7.6957e-01
  208  0.007756  1.12288e+00  5.0548e-01
  209  0.007853  2.46273e+00  7.4388e-01
  210  0.007950  2.26756e+00  7.4076e-01
  211  0.008047  2.16310e+00  7.5872e-01
  212  0.008144  1.59887e+00  6.6766e-01
  213  0.008241  1.06213e+00  5.4959e-01
  214  0.008338  1.84484e+00  7.3018e-01
  215  0.008435  9.86100e-01  5.3711e-01
  216  0.008532  1.18661e+00  5.9135e-01
  217  0.008629  1.10475e+00  5.6786e-01
  218  0.008726  4.46507e-01  3.6065e-01
  219  0.008823  1.14055e+00  5.7694e-01
  220  0.008920  1.85397e+00  7.3082e-01
  221  0.009017  2.84863e+00  8.9445e-01
  222  0.009114  1.91650e+00  7.3393e-01
  223  0.009211  1.76798e+00  6.8590e-01
  224  0.009308  1.33795e+00  5.7803e-01
  225  0.009405  1.22076e+00  5.6806e-01
  226  0.009502  1.79914e+00  7.4626e-01
  227  0.009599  2.89507e+00  1.0059e+00
  228  0.009696  1.81139e+00  8.1272e-01
  229  0.009793  1.03548e+00  6.2026e-01
  230  0.009890  2.18851e+00  9.0217e-01
  231  0.009986  7.00259e-01  5.0639e-01
  232  0.010083  1.51585e+00  7.1440e-01
  233  0.010180  1.83852e+00  7.0458e-01
  234  0.010277  1.80862e+00  6.1281e-01
  235  0.010374  1.77657e+00  5.5004e-01
  236  0.010471  1.57464e+00  5.4003e-01
  237  0.010568  1.99115e+00  7.2766e-01
  238  0.010665  1.13012e+00  6.1206e-01
  239  0.010762  6.85457e-01  4.8542e-01
  240  0.010859  6.77373e-01  4.9381e-01
  241  0.010956  5.40610e-01  4.4984e-01
  242  0.011053  9.41894e-01  6.0743e-01
  243  0.011150  1.75243e+00  8.4236e-01
  244  0.011247  1.53212e+00  7.8647e-01
  245  0.011344  1.05909e+00  6.4339e-01
  246  0.011441  3.27821e+00  1.0904e+00
  247  0.011538  2.71836e+00  9.3900e-01
  248  0.011635  1.84816e+00  7.3968e-01
  249  0.011732  1.35364e+00  5.9891e-01
  250  0.011829  1.39292e+00  5.5445e-01
  251  0.011926  1.59432e+00  5.3350e-01
  252  0.012023  1.00516e+00  3.6703e-01
  253  0.012120  1.88684e+00  4.3307e-01
  254  0.012216  1.68241e+00  3.6675e-01
  255  0.012313  2.25884e+00  3.5946e-01
  258    1    2    0    0    0    0  255
 Vanadium RT  # experiment title
  71.00   2.080  0.0000  300.000   0.0 0
                  0.0970  0.0000  0.0000
    1 -0.012313  8.21273e-01  1.5420e-01
    2 -0.012216  9.68305e-01  1.3291e-01
    3 -0.012120  8.25778e-01  1.8242e-01
    4 -0.012023  5.31286e-01  1.8110e-01
    5 -0.011926  4.89399e-01  1.9391e-01
    6 -0.011829  7.12574e-01  2.4903e-01
    7 -0.011732  5.72772e-01  2.3122e-01
    8 -0.011635  1.02443e+00  3.1134e-01
    9 -0.011538  9.77535e-01  2.9775e-01
   10 -0.011441  8.74883e-01  2.7950e-01
   11 -0.011344  7.17616e-01  2.4598e-01
   12 -0.011247  4.42675e-01  1.9243e-01
   13 -0.011150  5.76956e-01  2.4341e-01
   14 -0.011053  5.94952e-01  2.6537e-01
   15 -0.010956  6.20426e-01  2.9529e-01
   16 -0.010859  4.28715e-01  2.5771e-01
   17 -0.010762  5.06109e-01  2.7298e-01
   18 -0.010665  5.07800e-01  2.4498e-01
   19 -0.010568  6.60598e-01  2.4491e-01
   20 -0.010471  9.66514e-01  2.8407e-01
   21 -0.010374  7.15642e-01  2.7091e-01
   22 -0.010277  5.95725e-01  2.7740e-01
   23 -0.010180  1.27168e+00  4.4855e-01
   24 -0.010083  6.72735e-01  3.4278e-01
   25 -0.009986  8.98503e-01  4.0551e-01
   26 -0.009890  4.84033e-01  3.0168e-01
   27 -0.009793  4.24124e-01  2.8615e-01
   28 -0.009696  8.86426e-01  4.1419e-01
   29 -0.009599  6.95695e-01  3.5654e-01
   30 -0.009502  5.43311e-01  2.9134e-01
   31 -0.009405  7.49958e-01  3.0271e-01
   32 -0.009308  7.71406e-01  2.7738e-01
   33 -0.009211  9.66680e-01  3.1008e-01
   34 -0.009114  1.05174e+00  3.5000e-01
   35 -0.009017  7.23405e-01  3.1104e-01
   36 -0.008920  8.10213e-01  3.5026e-01
   37 -0.008823  6.41534e-01  3.2897e-01
   38 -0.008726  7.08637e-01  3.5502e-01
   39 -0.008629  6.40442e-01  3.4005e-01
   40 -0.008532  6.73543e-01  3.4483e-01
   41 -0.008435  4.26513e-01  2.6936e-01
   42 -0.008338  4.75700e-01  2.7529e-01
   43 -0.008241  4.16968e-01  2.4475e-01
   44 -0.008144  3.87406e-01  2.2415e-01
   45 -0.008047  7.95234e-01  3.1852e-01
   46 -0.007950  5.65632e-01  2.8056e-01
   47 -0.007853  6.23228e-01  3.0331e-01
   48 -0.007756  6.70375e-01  3.1485e-01
   49 -0.007660  1.11025e+00  4.0318e-01
   50 -0.007563  5.92686e-01  2.9719e-01
   51 -0.007466  2.60128e-01  2.0028e-01
   52 -0.007369  1.56825e-01  1.5722e-01
   53 -0.007272  3.53555e-01  2.3550e-01
   54 -0.007175  1.05223e+00  4.0108e-01
   55 -0.007078  5.72674e-01  2.8860e-01
   56 -0.006981  9.54471e-01  3.6523e-01
   57 -0.006884  6.93222e-01  3.0843e-01
   58 -0.006787  1.02938e+00  3.7253e-01
   59 -0.006690  5.40512e-01  2.6404e-01
   60 -0.006593  8.78759e-01  3.3252e-01
   61 -0.006496  8.99310e-01  3.4032e-01
   62 -0.006399  1.08277e+00  3.9025e-01
   63 -0.006302  1.15081e+00  4.2691e-01
   64 -0.006205  8.33154e-01  3.7561e-01
   65 -0.006108  6.15967e-01  3.2413e-01
   66 -0.006011  7.24447e-01  3.4317e-01
   67 -0.005914  1.34950e+00  4.3959e-01
   68 -0.005817  6.42769e-01  2.7549e-01
   69 -0.005720  7.12478e-01  2.7686e-01
   70 -0.005623  8.35479e-01  3.2168e-01
   71 -0.005526  1.15089e+00  4.1190e-01
   72 -0.005430  6.48897e-01  3.2301e-01
   73 -0.005333  9.84699e-01  4.0642e-01
   74 -0.005236  7.94306e-01  3.5975e-01
   75 -0.005139  6.63513e-01  3.1630e-01
   76 -0.005042  8.15771e-01  3.3091e-01
   77 -0.004945  9.21712e-01  3.3602e-01
   78 -0.004848  8.31386e-01  3.2040e-01
   79 -0.004751  4.22378e-01  2.3867e-01
   80 -0.004654  7.01896e-01  3.1440e-01
   81 -0.004557  5.69030e-01  2.7869e-01
   82 -0.004460  9.61646e-01  3.5478e-01
   83 -0.004363  1.02221e+00  3.6941e-01
   84 -0.004266  1.15261e+00  4.0587e-01
   85 -0.004169  7.62600e-01  3.4084e-01
   86 -0.004072  1.33578e-01  1.4354e-01
   87 -0.003975  7.85453e-01  3.4006e-01
   88 -0.003878  3.69432e-01  2.2157e-01
   89 -0.003781  9.30218e-01  3.2940e-01
   90 -0.003684  7.05943e-01  2.8368e-01
   91 -0.003587  2.28223e-01  1.7040e-01
   92 -0.003490  7.56844e-01  3.2863e-01
   93 -0.003393  3.00277e-01  2.1456e-01
   94 -0.003297  3.57279e-01  2.3591e-01
   95 -0.003200  5.66286e-01  2.8961e-01
   96 -0.003103  4.38536e-01  2.4128e-01
   97 -0.003006  5.99670e-01  2.6954e-01
   98 -0.002909  5.87369e-01  2.7045e-01
   99 -0.002812  4.67332e-01  2.5184e-01
  100 -0.002715  1.10967e+00  3.9848e-01
  101 -0.002618  8.87510e-01  3.5588e-01
  102 -0.002521  1.10567e+00  3.8729e-01
  103 -0.002424  1.14261e+00  3.8058e-01
  104 -0.002327  1.06552e+00  3.5542e-01
  105 -0.002230  1.17864e+00  3.7467e-01
  106 -0.002133  1.26145e+00  4.0132e-01
  107 -0.002036  1.18455e+00  4.0480e-01
  108 -0.001939  8.90557e-01  3.5814e-01
  109 -0.001842  7.53798e-01  3.2939e-01
  110 -0.001745  9.24774e-01  3.5900e-01
  111 -0.001648  4.33729e-01  2.4068e-01
  112 -0.001551  1.04668e+00  3.7077e-01
  113 -0.001454  1.15439e+00  3.8988e-01
  114 -0.001357  8.31599e-01  3.3332e-01
  115 -0.001260  1.51062e+00  4.4889e-01
  116 -0.001163  2.61477e+00  5.8430e-01
  117 -0.001067  2.60486e+00  5.7621e-01
  118 -0.000970  9.19835e-01  3.4277e-01
  119 -0.000873  2.10558e+00  5.2596e-01
  120 -0.000776  2.72750e+00  6.1148e-01
  121 -0.000679  1.99201e+00  5.2851e-01
  122 -0.000582  4.82030e+00  8.2342e-01
  123 -0.000485  5.69901e+00  8.8125e-01
  124 -0.000388  6.66518e+00  9.3372e-01
  125 -0.000291  7.12546e+00  9.4987e-01
  126 -0.000194  1.46789e+01  1.3579e+00
  127 -0.000097  2.23643e+01  1.6743e+00
  128  0.000000  3.31335e+01  2.0474e+00
  129  0.000097  4.84607e+01  2.4635e+00
  130  0.000194  6.32687e+01  2.8328e+00
  131  0.000291  7.69939e+01  3.2048e+00
  132  0.000388  9.87370e+01  3.7210e+00
  133  0.000485  1.00197e+02  3.7602e+00
  134  0.000582  1.07979e+02  3.7821e+00
  135  0.000679  1.19703e+02  3.8395e+00
  136  0.000776  1.13290e+02  3.6695e+00
  137  0.000873  1.24061e+02  3.8724e+00
  138  0.000970  1.30800e+02  4.0967e+00
  139  0.001067  1.16444e+02  4.0836e+00
  140  0.001163  1.26398e+02  4.4059e+00
  141  0.001260  1.15309e+02  4.2511e+00
  142  0.001357  1.05995e+02  3.9906e+00
  143  0.001454  9.36132e+01  3.6106e+00
  144  0.001551  8.53998e+01  3.3156e+00
  145  0.001648  6.70761e+01  2.8891e+00
  146  0.001745  6.58125e+01  2.8677e+00
  147  0.001842  4.93977e+01  2.5481e+00
  148  0.001939  4.48217e+01  2.4833e+00
  149  0.002036  3.09756e+01  2.0843e+00
  150  0.002133  2.35534e+01  1.8137e+00
  151  0.002230  1.50332e+01  1.4630e+00
  152  0.002327  1.09079e+01  1.2745e+00
  153  0.002424  7.81720e+00  1.1008e+00
  154  0.002521  6.34322e+00  9.9151e-01
  155  0.002618  4.55664e+00  8.2165e-01
  156  0.002715  4.02067e+00  7.4399e-01
  157  0.002812  2.31066e+00  5.4911e-01
  158  0.002909  1.11772e+00  3.8004e-01
  159  0.003006  9.50293e-01  3.5898e-01
  160  0.003103  9.85123e-01  3.7735e-01
  161  0.003200  1.08022e+00  4.0430e-01
  162  0.003297  1.01200e+00  3.9290e-01
  163  0.003393  1.25854e+00  4.3270e-01
  164  0.003490  1.20531e+00  4.1674e-01
  165  0.003587  3.11578e-01  2.1219e-01
  166  0.003684  1.17231e+00  4.1248e-01
  167  0.003781  8.31365e-01  3.5132e-01
  168  0.003878  6.15277e-01  3.0502e-01
  169  0.003975  7.04894e-01  3.2948e-01
  170  0.004072  7.65591e-01  3.4307e-01
  171  0.004169  1.00819e+00  3.9269e-01
  172  0.004266  1.39333e+00  4.6294e-01
  173  0.004363  9.27261e-01  3.8102e-01
  174  0.004460  9.57014e-01  3.8792e-01
  175  0.004557  1.64190e+00  5.0592e-01
  176  0.004654  1.38009e+00  4.5487e-01
  177  0.004751  1.08008e+00  3.9153e-01
  178  0.004848  7.81246e-01  3.3218e-01
  179  0.004945  1.33261e+00  4.4614e-01
  180  0.005042  5.74046e-01  3.0255e-01
  181  0.005139  8.28094e-01  3.7495e-01
  182  0.005236  9.32841e-01  4.0697e-01
  183  0.005333  6.86807e-01  3.5385e-01
  184  0.005430  9.45525e-01  4.1884e-01
  185  0.005526  5.82914e-01  3.2805e-01
  186  0.005623  1.08993e+00  4.4708e-01
  187  0.005720  1.40017e+00  5.0156e-01
  188  0.005817  1.05589e+00  4.2931e-01
  189  0.005914  4.72475e-01  2.8025e-01
  190  0.006011  9.45912e-01  3.8598e-01
  191  0.006108  1.03852e+00  3.9840e-01
  192  0.006205  5.23899e-01  2.8558e-01
  193  0.006302  9.06926e-01  3.8338e-01
  194  0.006399  3.82696e-01  2.5587e-01
  195  0.006496  7.02578e-01  3.5456e-01
  196  0.006593  7.42003e-01  3.6860e-01
  197  0.006690  5.23689e-01  3.1222e-01
  198  0.006787  8.40187e-01  3.9492e-01
  199  0.006884  1.16080e+00  4.6136e-01
  200  0.006981  1.38139e+00  5.0251e-01
  201  0.007078  1.26368e+00  4.8129e-01
  202  0.007175  1.73479e+00  5.6861e-01
  203  0.007272  1.76947e+00  5.8134e-01
  204  0.007369  1.67365e+00  5.7147e-01
  205  0.007466  1.05577e+00  4.5595e-01
  206  0.007563  8.88333e-01  4.1394e-01
  207  0.007660  9.64722e-01  4.2092e-01
  208  0.007756  1.03032e+00  4.2036e-01
  209  0.007853  3.58057e-01  2.4624e-01
  210  0.007950  5.19348e-01  3.0776e-01
  211  0.008047  9.64518e-01  4.3983e-01
  212  0.008144  1.06491e+00  4.7303e-01
  213  0.008241  1.93852e+00  6.4458e-01
  214  0.008338  7.91616e-01  4.1523e-01
  215  0.008435  4.88832e-01  3.2830e-01
  216  0.008532  5.20484e-01  3.4000e-01
  217  0.008629  1.32346e+00  5.3959e-01
  218  0.008726  1.09423e+00  4.9014e-01
  219  0.008823  1.21640e+00  5.1725e-01
  220  0.008920  9.06010e-01  4.4352e-01
  221  0.009017  7.31571e-01  3.9350e-01
  222  0.009114  7.40449e-01  3.9603e-01
  223  0.009211  8.82993e-01  4.2081e-01
  224  0.009308  8.03698e-01  3.8893e-01
  225  0.009405  1.08833e+00  4.6564e-01
  226  0.009502  9.69940e-01  4.7568e-01
  227  0.009599  4.73144e-01  3.5301e-01
  228  0.009696  6.58063e-01  4.2526e-01
  229  0.009793  1.25753e+00  5.9341e-01
  230  0.009890  5.58267e-01  3.9557e-01
  231  0.009986  6.06609e-01  4.0916e-01
  232  0.010083  1.13526e+00  5.3672e-01
  233  0.010180  8.23343e-01  4.0933e-01
  234  0.010277  9.52265e-01  3.8603e-01
  235  0.010374  1.04793e+00  3.6674e-01
  236  0.010471  1.34829e+00  4.3382e-01
  237  0.010568  3.29229e-01  2.5687e-01
  238  0.010665  3.88641e-01  3.1160e-01
  239  0.010762  1.17905e+00  5.5270e-01
  240  0.010859  1.35217e+00  6.0570e-01
  241  0.010956  1.34718e+00  6.1648e-01
  242  0.011053  9.17892e-01  5.2057e-01
  243  0.011150  4.78638e-01  3.8218e-01
  244  0.011247  1.31992e+00  6.3372e-01
  245  0.011344  1.16655e+00  5.8620e-01
  246  0.011441  6.73783e-01  4.2914e-01
  247  0.011538  1.05995e+00  5.0902e-01
  248  0.011635  1.39800e+00  5.5849e-01
  249  0.011732  1.29715e+00  5.0898e-01
  250  0.011829  1.26554e+00  4.5881e-01
  251  0.011926  1.18565e+00  3.9941e-01
  252  0.012023  9.38051e-01  3.0781e-01
  253  0.012120  9.13163e-01  2.6154e-01
  254  0.012216  1.08090e+00  2.5520e-01
  255  0.012313  1.26217e+00  2.3327e-01
  258    1    2    0    0    0    0  255
 Vanadium RT  # experiment title
  91.00   2.080  0.0000  300.000   0.0 0
                  0.0970  0.0000  0.0000
    1 -0.012313  5.39570e-01  1.1044e-01
    2 -0.012216  5.12547e-01  8.5449e-02
    3 -0.012120  2.82686e-01  9.4313e-02
    4 -0.012023  3.31232e-01  1.2635e-01
    5 -0.011926  4.17446e-01  1.5825e-01
    6 -0.011829  4.84922e-01  1.8153e-01
    7 -0.011732  4.30449e-01  1.7712e-01
    8 -0.011635  5.84603e-01  2.0783e-01
    9 -0.011538  7.55132e-01  2.3124e-01
   10 -0.011441  4.09265e-01  1.6892e-01
   11 -0.011344  2.52987e-01  1.2906e-01
   12 -0.011247  3.43128e-01  1.4970e-01
   13 -0.011150  4.56644e-01  1.9135e-01
   14 -0.011053  7.57632e-01  2.6461e-01
   15 -0.010956  5.68993e-01  2.4988e-01
   16 -0.010859  2.80997e-01  1.8436e-01
   17 -0.010762  3.82050e-01  2.0958e-01
   18 -0.010665  2.23909e-01  1.4374e-01
   19 -0.010568  5.13993e-01  1.9089e-01
   20 -0.010471  5.01094e-01  1.8074e-01
   21 -0.010374  6.13379e-01  2.2162e-01
   22 -0.010277  5.77231e-01  2.4129e-01
   23 -0.010180  2.46201e-01  1.7439e-01
   24 -0.010083  4.22118e-01  2.3993e-01
   25 -0.009986  4.59100e-01  2.5613e-01
   26 -0.009890  2.88372e-01  2.0576e-01
   27 -0.009793  1.95670e-01  1.7175e-01
   28 -0.009696  3.46836e-01  2.2894e-01
   29 -0.009599  5.80876e-01  2.8788e-01
   30 -0.009502  5.96004e-01  2.6964e-01
   31 -0.009405  5.39547e-01  2.2688e-01
   32 -0.009308  6.02917e-01  2.1669e-01
   33 -0.009211  4.45989e-01  1.8611e-01
   34 -0.009114  6.58187e-01  2.4466e-01
   35 -0.009017  3.60192e-01  1.9394e-01
   36 -0.008920  4.17675e-01  2.2222e-01
   37 -0.008823  6.43832e-01  2.9121e-01
   38 -0.008726  6.32841e-01  2.9645e-01
   39 -0.008629  4.22379e-01  2.4402e-01
   40 -0.008532  3.95068e-01  2.3336e-01
   41 -0.008435  6.05074e-01  2.8350e-01
   42 -0.008338  3.32217e-01  2.0328e-01
   43 -0.008241  5.88006e-01  2.5683e-01
   44 -0.008144  6.97804e-01  2.6582e-01
   45 -0.008047  6.36529e-01  2.5181e-01
   46 -0.007950  5.34976e-01  2.4110e-01
   47 -0.007853  4.64361e-01  2.3135e-01
   48 -0.007756  6.86985e-01  2.8164e-01
   49 -0.007660  4.73763e-01  2.3272e-01
   50 -0.007563  4.99804e-01  2.4116e-01
   51 -0.007466  5.81595e-01  2.6463e-01
   52 -0.007369  2.75090e-01  1.8399e-01
   53 -0.007272  4.34901e-01  2.3080e-01
   54 -0.007175  8.55919e-01  3.1965e-01
   55 -0.007078  5.98708e-01  2.6075e-01
   56 -0.006981  4.42131e-01  2.1965e-01
   57 -0.006884  4.71609e-01  2.2479e-01
   58 -0.006787  7.88552e-01  2.8811e-01
   59 -0.006690  4.74173e-01  2.1853e-01
   60 -0.006593  5.88063e-01  2.4037e-01
   61 -0.006496  6.08401e-01  2.4735e-01
   62 -0.006399  5.68901e-01  2.4996e-01
   63 -0.006302  4.89100e-01  2.4593e-01
   64 -0.006205  4.88075e-01  2.5404e-01
   65 -0.006108  7.14429e-01  3.0846e-01
   66 -0.006011  1.49722e-01  1.3785e-01
   67 -0.005914  4.28685e-01  2.1893e-01
   68 -0.005817  5.13146e-01  2.1751e-01
   69 -0.005720  5.07656e-01  2.0650e-01
   70 -0.005623  6.11946e-01  2.4327e-01
   71 -0.005526  5.08526e-01  2.4194e-01
   72 -0.005430  5.49181e-01  2.6258e-01
   73 -0.005333  5.46198e-01  2.6747e-01
   74 -0.005236  3.68966e-01  2.1666e-01
   75 -0.005139  5.31145e-01  2.5007e-01
   76 -0.005042  6.40829e-01  2.5916e-01
   77 -0.004945  8.28865e-01  2.8157e-01
   78 -0.004848  8.03476e-01  2.7833e-01
   79 -0.004751  3.44931e-01  1.9058e-01
   80 -0.004654  8.41221e-01  3.0414e-01
   81 -0.004557  5.65928e-01  2.4559e-01
   82 -0.004460  4.90458e-01  2.2388e-01
   83 -0.004363  3.69224e-01  1.9618e-01
   84 -0.004266  3.52640e-01  1.9837e-01
   85 -0.004169  8.12137e-01  3.1081e-01
   86 -0.004072  3.95310e-01  2.1820e-01
   87 -0.003975  6.01022e-01  2.6285e-01
   88 -0.003878  5.77871e-01  2.4487e-01
   89 -0.003781  6.76820e-01  2.4828e-01
   90 -0.003684  7.36842e-01  2.5610e-01
   91 -0.003587  6.45746e-01  2.5328e-01
   92 -0.003490  5.55404e-01  2.4876e-01
   93 -0.003393  8.32164e-01  3.1563e-01
   94 -0.003297  1.01990e+00  3.5222e-01
   95 -0.003200  9.40843e-01  3.2986e-01
   96 -0.003103  9.03751e-01  3.0608e-01
   97 -0.003006  5.36750e-01  2.2533e-01
   98 -0.002909  6.67625e-01  2.5478e-01
   99 -0.002812  1.07714e+00  3.3786e-01
  100 -0.002715  6.21061e-01  2.6342e-01
  101 -0.002618  1.16886e+00  3.6089e-01
  102 -0.002521  6.44338e-01  2.6125e-01
  103 -0.002424  8.47454e-01  2.8962e-01
  104 -0.002327  9.68596e-01  2.9944e-01
  105 -0.002230  8.30482e-01  2.7790e-01
  106 -0.002133  5.91619e-01  2.4286e-01
  107 -0.002036  7.53780e-01  2.8534e-01
  108 -0.001939  7.07244e-01  2.8202e-01
  109 -0.001842  1.25071e+00  3.7493e-01
  110 -0.001745  1.44364e+00  3.9635e-01
  111 -0.001648  1.77821e+00  4.3064e-01
  112 -0.001551  1.92230e+00  4.4401e-01
  113 -0.001454  2.32300e+00  4.8872e-01
  114 -0.001357  1.31954e+00  3.7102e-01
  115 -0.001260  2.98163e+00  5.5728e-01
  116 -0.001163  2.18211e+00  4.7166e-01
  117 -0.001067  3.02503e+00  5.4870e-01
  118 -0.000970  4.85105e+00  6.9562e-01
  119 -0.000873  7.15612e+00  8.5690e-01
  120 -0.000776  1.15839e+01  1.1137e+00
  121 -0.000679  1.95221e+01  1.4625e+00
  122 -0.000582  3.49516e+01  1.9605e+00
  123 -0.000485  6.40648e+01  2.6140e+00
  124 -0.000388  9.78733e+01  3.1676e+00
  125 -0.000291  1.25669e+02  3.5334e+00
  126 -0.000194  1.70757e+02  4.1055e+00
  127 -0.000097  1.94323e+02  4.3765e+00
  128  0.000000  2.14520e+02  4.6208e+00
  129  0.000097  2.19984e+02  4.6550e+00
  130  0.000194  1.94378e+02  4.4003e+00
  131  0.000291  1.63061e+02  4.1298e+00
  132  0.000388  1.32032e+02  3.8064e+00
  133  0.000485  1.01699e+02  3.3491e+00
  134  0.000582  7.85378e+01  2.8499e+00
  135  0.000679  4.51392e+01  2.0814e+00
  136  0.000776  2.48528e+01  1.5168e+00
  137  0.000873  1.58326e+01  1.2204e+00
  138  0.000970  9.83882e+00  9.9100e-01
  139  0.001067  6.35387e+00  8.4147e-01
  140  0.001163  7.58750e+00  9.5212e-01
  141  0.001260  5.08805e+00  7.8773e-01
  142  0.001357  4.99818e+00  7.6454e-01
  143  0.001454  5.00325e+00  7.3657e-01
  144  0.001551  4.46582e+00  6.6914e-01
  145  0.001648  5.43391e+00  7.2595e-01
  146  0.001745  7.08320e+00  8.3057e-01
  147  0.001842  6.72715e+00  8.3037e-01
  148  0.001939  6.46162e+00  8.3267e-01
  149  0.002036  6.06833e+00  8.1489e-01
  150  0.002133  5.56943e+00  7.7914e-01
  151  0.002230  4.99952e+00  7.4543e-01
  152  0.002327  5.40948e+00  7.9303e-01
  153  0.002424  3.60409e+00  6.6047e-01
  154  0.002521  3.06769e+00  6.0927e-01
  155  0.002618  1.88447e+00  4.6689e-01
  156  0.002715  1.98188e+00  4.6155e-01
  157  0.002812  1.58990e+00  4.0249e-01
  158  0.002909  1.14497e+00  3.3989e-01
  159  0.003006  1.17785e+00  3.5316e-01
  160  0.003103  8.05102e-01  3.0144e-01
  161  0.003200  8.24332e-01  3.1208e-01
  162  0.003297  1.12299e+00  3.6573e-01
  163  0.003393  1.08597e+00  3.5517e-01
  164  0.003490  6.16443e-01  2.6335e-01
  165  0.003587  9.76094e-01  3.3187e-01
  166  0.003684  5.07065e-01  2.3971e-01
  167  0.003781  3.37465e-01  1.9779e-01
  168  0.003878  4.66119e-01  2.3459e-01
  169  0.003975  3.03385e-01  1.9100e-01
  170  0.004072  5.24104e-01  2.5082e-01
  171  0.004169  6.52901e-01  2.7924e-01
  172  0.004266  6.50260e-01  2.7946e-01
  173  0.004363  2.81223e-01  1.8542e-01
  174  0.004460  5.44559e-01  2.5857e-01
  175  0.004557  3.67129e-01  2.1139e-01
  176  0.004654  5.89504e-01  2.6269e-01
  177  0.004751  1.22956e+00  3.6914e-01
  178  0.004848  9.16772e-01  3.1797e-01
  179  0.004945  6.75016e-01  2.8057e-01
  180  0.005042  5.88204e-01  2.7062e-01
  181  0.005139  4.79498e-01  2.5211e-01
  182  0.005236  2.61197e-01  1.9029e-01
  183  0.005333  1.00389e+00  3.7803e-01
  184  0.005430  1.47569e+00  4.6237e-01
  185  0.005526  8.96048e-01  3.5941e-01
  186  0.005623  6.28370e-01  2.9996e-01
  187  0.005720  1.96709e-01  1.6612e-01
  188  0.005817  4.46129e-01  2.4658e-01
  189  0.005914  4.93288e-01  2.5304e-01
  190  0.006011  7.19180e-01  2.9739e-01
  191  0.006108  3.27281e-01  1.9763e-01
  192  0.006205  6.57865e-01  2.8278e-01
  193  0.006302  8.34027e-01  3.2487e-01
  194  0.006399  4.75653e-01  2.5207e-01
  195  0.006496  4.08795e-01  2.3898e-01
  196  0.006593  1.10235e+00  3.9700e-01
  197  0.006690  1.07458e+00  3.9521e-01
  198  0.006787  9.61647e-01  3.7334e-01
  199  0.006884  2.92968e-01  2.0480e-01
  200  0.006981  9.46933e-01  3.6764e-01
  201  0.007078  7.21514e-01  3.2135e-01
  202  0.007175  9.34345e-01  3.6874e-01
  203  0.007272  3.74099e-01  2.3619e-01
  204  0.007369  7.48435e-01  3.3768e-01
  205  0.007466  5.30777e-01  2.8567e-01
  206  0.007563  1.96772e-01  1.7215e-01
  207  0.007660  2.41412e-01  1.8606e-01
  208  0.007756  9.79570e-01  3.6218e-01
  209  0.007853  7.86025e-01  3.2238e-01
  210  0.007950  3.52952e-01  2.2419e-01
  211  0.008047  5.86122e-01  3.0297e-01
  212  0.008144  1.03662e+00  4.1240e-01
  213  0.008241  9.32939e-01  3.9513e-01
  214  0.008338  3.43477e-01  2.4169e-01
  215  0.008435  9.73619e-02  1.2947e-01
  216  0.008532  7.29013e-01  3.5557e-01
  217  0.008629  5.54934e-01  3.0874e-01
  218  0.008726  9.37913e-01  4.0098e-01
  219  0.008823  6.52923e-01  3.3486e-01
  220  0.008920  3.99900e-01  2.6037e-01
  221  0.009017  6.07819e-02  1.0022e-01
  222  0.009114  6.87108e-01  3.3711e-01
  223  0.009211  5.27899e-01  2.8751e-01
  224  0.009308  3.21257e-01  2.1728e-01
  225  0.009405  3.45587e-01  2.3186e-01
  226  0.009502  5.40652e-01  3.1382e-01
  227  0.009599  5.76069e-01  3.4420e-01
  228  0.009696  2.13933e-01  2.1425e-01
  229  0.009793  4.34886e-01  3.0836e-01
  230  0.009890  8.54231e-01  4.3238e-01
  231  0.009986  7.44372e-01  4.0051e-01
  232  0.010083  1.11016e+00  4.6900e-01
  233  0.010180  2.14487e-01  1.8461e-01
  234  0.010277  5.70696e-01  2.6407e-01
  235  0.010374  7.35471e-01  2.7148e-01
  236  0.010471  5.43822e-01  2.4345e-01
  237  0.010568  1.76739e-01  1.6630e-01
  238  0.010665  1.04262e+00  4.5099e-01
  239  0.010762  1.18619e+00  4.8986e-01
  240  0.010859  7.50901e-01  3.9885e-01
  241  0.010956  7.08112e-01  3.9494e-01
  242  0.011053  7.15831e-01  4.0622e-01
  243  0.011150  1.02561e+00  4.9435e-01
  244  0.011247  5.92167e-01  3.7508e-01
  245  0.011344  3.79329e-01  2.9538e-01
  246  0.011441  4.38491e-01  3.0591e-01
  247  0.011538  7.06721e-01  3.6728e-01
  248  0.011635  3.54860e-01  2.4863e-01
  249  0.011732  7.15791e-01  3.3409e-01
  250  0.011829  4.74572e-01  2.4826e-01
  251  0.011926  1.25340e+00  3.6288e-01
  252  0.012023  1.16823e+00  3.0354e-01
  253  0.012120  8.08868e-01  2.1751e-01
  254  0.012216  8.44913e-01  1.9938e-01
  255  0.012313  6.41108e-01  1.4690e-01
  258    1    2    0    0    0    0  255
 Vanadium RT  # experiment title
 111.00   2.080  0.0000  300.000   0.0 0
                  0.0970  0.0000  0.0000
    1 -0.012313  5.71178e-01  1.1913e-01
    2 -0.012216  5.41805e-01  9.2105e-02
    3 -0.012120  7.97940e-01  1.6612e-01
    4 -0.012023  6.95025e-01  1.9189e-01
    5 -0.011926  5.06317e-01  1.8272e-01
    6 -0.011829  7.29702e-01  2.3346e-01
    7 -0.011732  6.99528e-01  2.3673e-01
    8 -0.011635  2.29552e-01  1.3653e-01
    9 -0.011538  2.87490e-01  1.4958e-01
   10 -0.011441  4.12436e-01  1.7778e-01
   11 -0.011344  6.18859e-01  2.1162e-01
   12 -0.011247  7.90589e-01  2.3823e-01
   13 -0.011150  5.65051e-01  2.2315e-01
   14 -0.011053  2.57693e-01  1.6179e-01
   15 -0.010956  6.43552e-01  2.7861e-01
   16 -0.010859  6.32273e-01  2.8993e-01
   17 -0.010762  4.19500e-01  2.3023e-01
   18 -0.010665  7.39696e-01  2.7391e-01
   19 -0.010568  4.51063e-01  1.8748e-01
   20 -0.010471  4.15833e-01  1.7262e-01
   21 -0.010374  6.68344e-01  2.4253e-01
   22 -0.010277  5.98662e-01  2.5762e-01
   23 -0.010180  1.01278e+00  3.7083e-01
   24 -0.010083  6.23476e-01  3.0570e-01
   25 -0.009986  2.48702e-01  1.9764e-01
   26 -0.009890  4.03237e-01  2.5508e-01
   27 -0.009793  5.61865e-01  3.0512e-01
   28 -0.009696  4.32001e-01  2.6787e-01
   29 -0.009599  5.31863e-01  2.8880e-01
   30 -0.009502  4.62414e-01  2.4900e-01
   31 -0.009405  6.37103e-01  2.5847e-01
   32 -0.009308  3.77595e-01  1.7978e-01
   33 -0.009211  3.59064e-01  1.7507e-01
   34 -0.009114  5.39159e-01  2.3215e-01
   35 -0.009017  3.64372e-01  2.0450e-01
   36 -0.008920  2.46486e-01  1.7897e-01
   37 -0.008823  7.82163e-02  1.0641e-01
   38 -0.008726  4.53558e-01  2.6312e-01
   39 -0.008629  4.53647e-01  2.6513e-01
   40 -0.008532  2.89142e-01  2.0930e-01
   41 -0.008435  3.83727e-01  2.3669e-01
   42 -0.008338  4.71429e-01  2.5388e-01
   43 -0.008241  6.59210e-01  2.8510e-01
   44 -0.008144  7.94285e-01  2.9733e-01
   45 -0.008047  5.01996e-01  2.3444e-01
   46 -0.007950  5.73687e-01  2.6175e-01
   47 -0.007853  6.11014e-01  2.7822e-01
   48 -0.007756  5.92640e-01  2.7424e-01
   49 -0.007660  2.01073e-01  1.5895e-01
   50 -0.007563  2.06056e-01  1.6234e-01
   51 -0.007466  4.96033e-01  2.5622e-01
   52 -0.007369  9.02965e-01  3.4949e-01
   53 -0.007272  6.85348e-01  3.0375e-01
   54 -0.007175  9.46507e-01  3.5240e-01
   55 -0.007078  2.48392e-01  1.7608e-01
   56 -0.006981  4.43240e-01  2.3057e-01
   57 -0.006884  8.24912e-01  3.1169e-01
   58 -0.006787  2.30774e-01  1.6340e-01
   59 -0.006690  2.88527e-01  1.7871e-01
   60 -0.006593  4.73740e-01  2.2618e-01
   61 -0.006496  6.75376e-01  2.7322e-01
   62 -0.006399  5.22276e-01  2.5108e-01
   63 -0.006302  3.53761e-01  2.1927e-01
   64 -0.006205  4.71656e-01  2.6181e-01
   65 -0.006108  7.12018e-01  3.2284e-01
   66 -0.006011  3.20483e-01  2.1145e-01
   67 -0.005914  5.53614e-01  2.6083e-01
   68 -0.005817  2.49912e-01  1.5914e-01
   69 -0.005720  3.23984e-01  1.7295e-01
   70 -0.005623  6.20203e-01  2.5675e-01
   71 -0.005526  3.86248e-01  2.2106e-01
   72 -0.005430  3.51574e-01  2.2025e-01
   73 -0.005333  5.50334e-01  2.8147e-01
   74 -0.005236  5.13239e-01  2.6789e-01
   75 -0.005139  3.53771e-01  2.1396e-01
   76 -0.005042  1.77093e-02  4.5167e-02
   77 -0.004945  5.04619e-01  2.3033e-01
   78 -0.004848  7.39770e-01  2.7999e-01
   79 -0.004751  5.48562e-01  2.5197e-01
   80 -0.004654  5.61684e-01  2.6055e-01
   81 -0.004557  7.24708e-01  2.9137e-01
   82 -0.004460  5.70519e-01  2.5315e-01
   83 -0.004363  5.37866e-01  2.4824e-01
   84 -0.004266  9.29983e-01  3.3774e-01
   85 -0.004169  7.59715e-01  3.1515e-01
   86 -0.004072  5.27389e-01  2.6423e-01
   87 -0.003975  5.18594e-01  2.5598e-01
   88 -0.003878  4.40662e-01  2.2417e-01
   89 -0.003781  5.64021e-01  2.3761e-01
   90 -0.003684  8.00708e-01  2.7989e-01
   91 -0.003587  3.50043e-01  1.9550e-01
   92 -0.003490  1.03363e+00  3.5578e-01
   93 -0.003393  9.98828e-01  3.6253e-01
   94 -0.003297  4.87683e-01  2.5534e-01
   95 -0.003200  5.27623e-01  2.5897e-01
   96 -0.003103  3.86455e-01  2.0983e-01
   97 -0.003006  5.61133e-01  2.4154e-01
   98 -0.002909  4.57820e-01  2.2119e-01
   99 -0.002812  5.43868e-01  2.5169e-01
  100 -0.002715  3.68744e-01  2.1279e-01
  101 -0.002618  1.09021e+00  3.6540e-01
  102 -0.002521  1.36507e-01  1.2606e-01
  103 -0.002424  4.28563e-01  2.1592e-01
  104 -0.002327  4.48704e-01  2.1366e-01
  105 -0.002230  9.21616e-01  3.0692e-01
  106 -0.002133  1.08775e+00  3.4524e-01
  107 -0.002036  8.25328e-01  3.1302e-01
  108 -0.001939  9.23199e-01  3.3780e-01
  109 -0.001842  2.05162e-01  1.5920e-01
  110 -0.001745  1.29453e+00  3.9349e-01
  111 -0.001648  1.04707e+00  3.4644e-01
  112 -0.001551  1.44184e+00  4.0314e-01
  113 -0.001454  1.59187e+00  4.2414e-01
  114 -0.001357  9.07045e-01  3.2249e-01
  115 -0.001260  1.52140e+00  4.1733e-01
  116 -0.001163  1.68193e+00  4.3412e-01
  117 -0.001067  2.22402e+00  4.9324e-01
  118 -0.000970  3.42421e+00  6.1269e-01
  119 -0.000873  4.70904e+00  7.2871e-01
  120 -0.000776  8.26325e+00  9.8610e-01
  121 -0.000679  1.25013e+01  1.2268e+00
  122 -0.000582  2.31131e+01  1.6709e+00
  123 -0.000485  3.05325e+01  1.8905e+00
  124 -0.000388  4.59571e+01  2.2730e+00
  125 -0.000291  6.10679e+01  2.5787e+00
  126 -0.000194  8.48302e+01  3.0280e+00
  127 -0.000097  9.96651e+01  3.2791e+00
  128  0.000000  1.19566e+02  3.6090e+00
  129  0.000097  1.38513e+02  3.8652e+00
  130  0.000194  1.46904e+02  4.0057e+00
  131  0.000291  1.50963e+02  4.1638e+00
  132  0.000388  1.53059e+02  4.2972e+00
  133  0.000485  1.42111e+02  4.1528e+00
  134  0.000582  1.46343e+02  4.0830e+00
  135  0.000679  1.24848e+02  3.6340e+00
  136  0.000776  1.10961e+02  3.3651e+00
  137  0.000873  8.97053e+01  3.0496e+00
  138  0.000970  7.72412e+01  2.9146e+00
  139  0.001067  5.67566e+01  2.6390e+00
  140  0.001163  4.41446e+01  2.4093e+00
  141  0.001260  3.53593e+01  2.1783e+00
  142  0.001357  2.85769e+01  1.9174e+00
  143  0.001454  2.09894e+01  1.5821e+00
  144  0.001551  1.66899e+01  1.3565e+00
  145  0.001648  1.27541e+01  1.1661e+00
  146  0.001745  8.80893e+00  9.7108e-01
  147  0.001842  7.84055e+00  9.3985e-01
  148  0.001939  7.28036e+00  9.2662e-01
  149  0.002036  5.26157e+00  7.9549e-01
  150  0.002133  3.02934e+00  6.0240e-01
  151  0.002230  2.44776e+00  5.4680e-01
  152  0.002327  2.20629e+00  5.3093e-01
  153  0.002424  2.83452e+00  6.1406e-01
  154  0.002521  1.95598e+00  5.1003e-01
  155  0.002618  1.44052e+00  4.2796e-01
  156  0.002715  1.31171e+00  3.9365e-01
  157  0.002812  1.61695e+00  4.2554e-01
  158  0.002909  7.90824e-01  2.9614e-01
  159  0.003006  3.51430e-01  2.0224e-01
  160  0.003103  1.34300e+00  4.0817e-01
  161  0.003200  6.68947e-01  2.9474e-01
  162  0.003297  1.06461e+00  3.7333e-01
  163  0.003393  1.04828e+00  3.6584e-01
  164  0.003490  4.70506e-01  2.4121e-01
  165  0.003587  6.60178e-01  2.8613e-01
  166  0.003684  7.34828e-01  3.0253e-01
  167  0.003781  7.66148e-01  3.1244e-01
  168  0.003878  8.68630e-01  3.3574e-01
  169  0.003975  3.80014e-01  2.2411e-01
  170  0.004072  8.77551e-01  3.4027e-01
  171  0.004169  7.68269e-01  3.1757e-01
  172  0.004266  5.42783e-01  2.6767e-01
  173  0.004363  6.57323e-01  2.9719e-01
  174  0.004460  4.58152e-01  2.4865e-01
  175  0.004557  5.52604e-01  2.7190e-01
  176  0.004654  5.55519e-01  2.6735e-01
  177  0.004751  8.31903e-01  3.1832e-01
  178  0.004848  5.12361e-01  2.4921e-01
  179  0.004945  5.56005e-01  2.6696e-01
  180  0.005042  8.70582e-01  3.4516e-01
  181  0.005139  4.03876e-01  2.4258e-01
  182  0.005236  9.57700e-01  3.8201e-01
  183  0.005333  7.43115e-01  3.4098e-01
  184  0.005430  5.63943e-01  2.9966e-01
  185  0.005526  4.59016e-01  2.6968e-01
  186  0.005623  3.98851e-01  2.5055e-01
  187  0.005720  1.36714e+00  4.5913e-01
  188  0.005817  6.76235e-01  3.1827e-01
  189  0.005914  9.26180e-01  3.6350e-01
  190  0.006011  4.09391e-01  2.3523e-01
  191  0.006108  5.63416e-01  2.7185e-01
  192  0.006205  2.76357e-01  1.9215e-01
  193  0.006302  2.68604e-01  1.9328e-01
  194  0.006399  3.21920e-01  2.1740e-01
  195  0.006496  7.04723e-01  3.2896e-01
  196  0.006593  5.24644e-01  2.8713e-01
  197  0.006690  3.90499e-01  2.4976e-01
  198  0.006787  3.83907e-01  2.4730e-01
  199  0.006884  5.72800e-01  3.0023e-01
  200  0.006981  1.11385e-01  1.3219e-01
  201  0.007078  3.34010e-01  2.2922e-01
  202  0.007175  5.90524e-01  3.0733e-01
  203  0.007272  8.16712e-01  3.6588e-01
  204  0.007369  5.76370e-01  3.1067e-01
  205  0.007466  5.83089e-01  3.1390e-01
  206  0.007563  5.84260e-01  3.1099e-01
  207  0.007660  5.20986e-01  2.8656e-01
  208  0.007756  2.93480e-01  2.0783e-01
  209  0.007853  1.67980e-01  1.5624e-01
  210  0.007950  4.45867e-01  2.6417e-01
  211  0.008047  3.68911e-01  2.5199e-01
  212  0.008144  3.88943e-01  2.6483e-01
  213  0.008241  2.16138e-01  1.9939e-01
  214  0.008338  4.64361e-01  2.9462e-01
  215  0.008435  5.17107e-01  3.1281e-01
  216  0.008532  4.13016e-01  2.8058e-01
  217  0.008629  2.54664e-01  2.1927e-01
  218  0.008726  5.03373e-02  9.7388e-02
  219  0.008823  1.03002e-01  1.3944e-01
  220  0.008920  8.08551e-01  3.8815e-01
  221  0.009017  9.71724e-01  4.2013e-01
  222  0.009114  5.02671e-01  3.0229e-01
  223  0.009211  4.34579e-01  2.7349e-01
  224  0.009308  2.22691e-01  1.8966e-01
  225  0.009405  2.75623e-01  2.1708e-01
  226  0.009502  9.69191e-02  1.3930e-01
  227  0.009599  1.14367e-01  1.6078e-01
  228  0.009696  3.99762e-01  3.0705e-01
  229  0.009793  4.78704e-01  3.3917e-01
  230  0.009890  5.97284e-01  3.7904e-01
  231  0.009986  8.04906e-01  4.3663e-01
  232  0.010083  6.96401e-01  3.8943e-01
  233  0.010180  7.62152e-01  3.6484e-01
  234  0.010277  7.04557e-01  3.0761e-01
  235  0.010374  7.72944e-01  2.9178e-01
  236  0.010471  7.47092e-01  2.9916e-01
  237  0.010568  3.80061e-01  2.5567e-01
  238  0.010665  3.33510e-01  2.6741e-01
  239  0.010762  6.90064e-01  3.9171e-01
  240  0.010859  6.97060e-01  4.0288e-01
  241  0.010956  2.38506e-01  2.4030e-01
  242  0.011053  6.77267e-01  4.1425e-01
  243  0.011150  8.95100e-02  1.5311e-01
  244  0.011247  1.06373e+00  5.2703e-01
  245  0.011344  2.34141e-01  2.4329e-01
  246  0.011441  9.23965e-01  4.6555e-01
  247  0.011538  1.07218e+00  4.7427e-01
  248  0.011635  6.49758e-01  3.5272e-01
  249  0.011732  4.91361e-01  2.9020e-01
  250  0.011829  4.04950e-01  2.4043e-01
  251  0.011926  9.05364e-01  3.2333e-01
  252  0.012023  1.38264e+00  3.4620e-01
  253  0.012120  8.72796e-01  2.3688e-01
  254  0.012216  5.28324e-01  1.6529e-01
  255  0.012313  6.56777e-01  1.5588e-01
  258    1    2    0    0    0    0  255
 Vanadium RT  # experiment title
 131.00   2.080  0.0000  300.000   0.0 0
                  0.0970  0.0000  0.0000
    1 -0.012313  7.02524e-01  1.2614e-01
    2 -0.012216  8.16012e-01  1.0792e-01
    3 -0.012120  9.08566e-01  1.6924e-01
    4 -0.012023  5.97862e-01  1.6991e-01
    5 -0.011926  6.21029e-01  1.9320e-01
    6 -0.011829  5.24491e-01  1.8896e-01
    7 -0.011732  5.62181e-01  2.0261e-01
    8 -0.011635  6.89683e-01  2.2594e-01
    9 -0.011538  5.85354e-01  2.0378e-01
   10 -0.011441  6.55205e-01  2.1393e-01
   11 -0.011344  5.81159e-01  1.9579e-01
   12 -0.011247  5.09070e-01  1.8251e-01
   13 -0.011150  7.18711e-01  2.4028e-01
   14 -0.011053  4.70129e-01  2.0863e-01
   15 -0.010956  5.49013e-01  2.4568e-01
   16 -0.010859  7.78360e-01  3.0712e-01
   17 -0.010762  9.57619e-01  3.3211e-01
   18 -0.010665  5.81323e-01  2.3183e-01
   19 -0.010568  6.39072e-01  2.1305e-01
   20 -0.010471  2.90281e-01  1.3769e-01
   21 -0.010374  5.60972e-01  2.1214e-01
   22 -0.010277  8.64312e-01  2.9553e-01
   23 -0.010180  9.16091e-01  3.3671e-01
   24 -0.010083  5.96565e-01  2.8549e-01
   25 -0.009986  8.01695e-01  3.3878e-01
   26 -0.009890  6.88334e-01  3.1818e-01
   27 -0.009793  5.26753e-01  2.8205e-01
   28 -0.009696  3.92706e-01  2.4383e-01
   29 -0.009599  3.24061e-01  2.1522e-01
   30 -0.009502  5.22238e-01  2.5263e-01
   31 -0.009405  6.59048e-01  2.5098e-01
   32 -0.009308  6.66008e-01  2.2795e-01
   33 -0.009211  5.35331e-01  2.0408e-01
   34 -0.009114  7.43623e-01  2.6030e-01
   35 -0.009017  9.84319e-01  3.2090e-01
   36 -0.008920  3.32766e-01  1.9853e-01
   37 -0.008823  1.00567e+00  3.6429e-01
   38 -0.008726  5.66641e-01  2.8078e-01
   39 -0.008629  5.50469e-01  2.7883e-01
   40 -0.008532  4.18152e-01  2.4030e-01
   41 -0.008435  3.11375e-01  2.0356e-01
   42 -0.008338  5.50437e-01  2.6191e-01
   43 -0.008241  6.45443e-01  2.6933e-01
   44 -0.008144  7.58766e-01  2.7745e-01
   45 -0.008047  6.13562e-01  2.4745e-01
   46 -0.007950  7.74505e-01  2.9036e-01
   47 -0.007853  1.00329e+00  3.4037e-01
   48 -0.007756  1.33134e+00  3.9243e-01
   49 -0.007660  3.97839e-01  2.1346e-01
   50 -0.007563  1.02764e+00  3.4612e-01
   51 -0.007466  6.74692e-01  2.8529e-01
   52 -0.007369  8.01882e-01  3.1443e-01
   53 -0.007272  8.78099e-01  3.2826e-01
   54 -0.007175  1.05060e+00  3.5446e-01
   55 -0.007078  6.45594e-01  2.7102e-01
   56 -0.006981  7.16373e-01  2.7985e-01
   57 -0.006884  8.34662e-01  2.9933e-01
   58 -0.006787  7.54760e-01  2.8213e-01
   59 -0.006690  7.28436e-01  2.7111e-01
   60 -0.006593  8.24914e-01  2.8495e-01
   61 -0.006496  9.24651e-01  3.0521e-01
   62 -0.006399  4.91064e-01  2.3244e-01
   63 -0.006302  4.05593e-01  2.2416e-01
   64 -0.006205  7.89848e-01  3.2346e-01
   65 -0.006108  6.24052e-01  2.8855e-01
   66 -0.006011  5.69855e-01  2.6919e-01
   67 -0.005914  9.61691e-01  3.2821e-01
   68 -0.005817  5.73316e-01  2.3012e-01
   69 -0.005720  4.93157e-01  2.0372e-01
   70 -0.005623  1.11834e+00  3.2917e-01
   71 -0.005526  1.08425e+00  3.5360e-01
   72 -0.005430  8.36345e-01  3.2433e-01
   73 -0.005333  2.16107e-01  1.6839e-01
   74 -0.005236  6.28537e-01  2.8304e-01
   75 -0.005139  5.88098e-01  2.6337e-01
   76 -0.005042  6.50032e-01  2.6126e-01
   77 -0.004945  5.25136e-01  2.2432e-01
   78 -0.004848  2.98461e-01  1.6979e-01
   79 -0.004751  4.01860e-01  2.0590e-01
   80 -0.004654  9.25124e-01  3.1924e-01
   81 -0.004557  6.97489e-01  2.7290e-01
   82 -0.004460  3.99195e-01  2.0217e-01
   83 -0.004363  6.72969e-01  2.6510e-01
   84 -0.004266  3.38764e-01  1.9461e-01
   85 -0.004169  6.24389e-01  2.7277e-01
   86 -0.004072  7.97469e-01  3.1020e-01
   87 -0.003975  5.97763e-01  2.6238e-01
   88 -0.003878  6.54575e-01  2.6085e-01
   89 -0.003781  5.83668e-01  2.3077e-01
   90 -0.003684  6.57151e-01  2.4208e-01
   91 -0.003587  7.20029e-01  2.6770e-01
   92 -0.003490  9.70146e-01  3.2907e-01
   93 -0.003393  5.14578e-01  2.4842e-01
   94 -0.003297  9.47271e-01  3.3975e-01
   95 -0.003200  1.09268e+00  3.5581e-01
   96 -0.003103  1.13217e+00  3.4290e-01
   97 -0.003006  7.34912e-01  2.6391e-01
   98 -0.002909  6.42260e-01  2.5013e-01
   99 -0.002812  6.44622e-01  2.6160e-01
  100 -0.002715  7.96976e-01  2.9868e-01
  101 -0.002618  5.99882e-01  2.5877e-01
  102 -0.002521  1.19840e+00  3.5661e-01
  103 -0.002424  1.38815e+00  3.7101e-01
  104 -0.002327  1.04321e+00  3.1104e-01
  105 -0.002230  6.71004e-01  2.5003e-01
  106 -0.002133  6.72599e-01  2.5918e-01
  107 -0.002036  8.83367e-01  3.0918e-01
  108 -0.001939  1.09931e+00  3.5193e-01
  109 -0.001842  6.88049e-01  2.7834e-01
  110 -0.001745  1.21911e+00  3.6456e-01
  111 -0.001648  1.18141e+00  3.5133e-01
  112 -0.001551  1.70895e+00  4.1903e-01
  113 -0.001454  1.26475e+00  3.6093e-01
  114 -0.001357  1.89593e+00  4.4515e-01
  115 -0.001260  2.29283e+00  4.8913e-01
  116 -0.001163  2.27028e+00  4.8154e-01
  117 -0.001067  2.88599e+00  5.3643e-01
  118 -0.000970  4.08735e+00  6.3909e-01
  119 -0.000873  7.93366e+00  9.0309e-01
  120 -0.000776  1.25650e+01  1.1610e+00
  121 -0.000679  2.03150e+01  1.4933e+00
  122 -0.000582  3.26172e+01  1.8955e+00
  123 -0.000485  5.63662e+01  2.4538e+00
  124 -0.000388  8.57217e+01  2.9664e+00
  125 -0.000291  1.11096e+02  3.3243e+00
  126 -0.000194  1.55614e+02  3.9216e+00
  127 -0.000097  1.86760e+02  4.2938e+00
  128  0.000000  2.05953e+02  4.5309e+00
  129  0.000097  2.16048e+02  4.6170e+00
  130  0.000194  1.97054e+02  4.4348e+00
  131  0.000291  1.80194e+02  4.3467e+00
  132  0.000388  1.49776e+02  4.0592e+00
  133  0.000485  1.25440e+02  3.7246e+00
  134  0.000582  9.50922e+01  3.1398e+00
  135  0.000679  6.16448e+01  2.4353e+00
  136  0.000776  3.66032e+01  1.8428e+00
  137  0.000873  1.84474e+01  1.3186e+00
  138  0.000970  1.16844e+01  1.0810e+00
  139  0.001067  6.92587e+00  8.7934e-01
  140  0.001163  4.48744e+00  7.3284e-01
  141  0.001260  3.33028e+00  6.3785e-01
  142  0.001357  2.07270e+00  4.9276e-01
  143  0.001454  2.55863e+00  5.2719e-01
  144  0.001551  2.48566e+00  4.9965e-01
  145  0.001648  1.78133e+00  4.1599e-01
  146  0.001745  2.23983e+00  4.6744e-01
  147  0.001842  2.60381e+00  5.1704e-01
  148  0.001939  2.35316e+00  5.0291e-01
  149  0.002036  2.87754e+00  5.6162e-01
  150  0.002133  2.06928e+00  4.7532e-01
  151  0.002230  2.55795e+00  5.3366e-01
  152  0.002327  2.53709e+00  5.4356e-01
  153  0.002424  3.18473e+00  6.2142e-01
  154  0.002521  3.76153e+00  6.7529e-01
  155  0.002618  2.46387e+00  5.3436e-01
  156  0.002715  3.15760e+00  5.8313e-01
  157  0.002812  3.62572e+00  6.0839e-01
  158  0.002909  2.04937e+00  4.5515e-01
  159  0.003006  2.69428e+00  5.3463e-01
  160  0.003103  1.75216e+00  4.4511e-01
  161  0.003200  1.32528e+00  3.9607e-01
  162  0.003297  1.77882e+00  4.6072e-01
  163  0.003393  1.05113e+00  3.4975e-01
  164  0.003490  1.09100e+00  3.5067e-01
  165  0.003587  1.18506e+00  3.6600e-01
  166  0.003684  9.88563e-01  3.3501e-01
  167  0.003781  7.38830e-01  2.9292e-01
  168  0.003878  6.03154e-01  2.6710e-01
  169  0.003975  6.05199e-01  2.7001e-01
  170  0.004072  2.94335e-01  1.8814e-01
  171  0.004169  8.42690e-01  3.1753e-01
  172  0.004266  7.98272e-01  3.0992e-01
  173  0.004363  3.54869e-01  2.0847e-01
  174  0.004460  8.30662e-01  3.1964e-01
  175  0.004557  7.00423e-01  2.9225e-01
  176  0.004654  8.90149e-01  3.2310e-01
  177  0.004751  8.06210e-01  2.9918e-01
  178  0.004848  6.98631e-01  2.7783e-01
  179  0.004945  5.00930e-01  2.4192e-01
  180  0.005042  8.58371e-01  3.2721e-01
  181  0.005139  4.17475e-01  2.3546e-01
  182  0.005236  6.32446e-01  2.9638e-01
  183  0.005333  4.08098e-01  2.4124e-01
  184  0.005430  7.23414e-01  3.2402e-01
  185  0.005526  1.13133e+00  4.0422e-01
  186  0.005623  1.21660e+00  4.1777e-01
  187  0.005720  9.63089e-01  3.6790e-01
  188  0.005817  5.76470e-01  2.8055e-01
  189  0.005914  5.25992e-01  2.6153e-01
  190  0.006011  7.84205e-01  3.1083e-01
  191  0.006108  8.64126e-01  3.2142e-01
  192  0.006205  7.98478e-01  3.1182e-01
  193  0.006302  4.97473e-01  2.5113e-01
  194  0.006399  1.16850e+00  3.9545e-01
  195  0.006496  8.73222e-01  3.4960e-01
  196  0.006593  4.67777e-01  2.5885e-01
  197  0.006690  5.66110e-01  2.8711e-01
  198  0.006787  7.52952e-01  3.3065e-01
  199  0.006884  5.39449e-01  2.7817e-01
  200  0.006981  7.43135e-01  3.2598e-01
  201  0.007078  1.04988e+00  3.8800e-01
  202  0.007175  5.35342e-01  2.7937e-01
  203  0.007272  5.51804e-01  2.8712e-01
  204  0.007369  3.38351e-01  2.2725e-01
  205  0.007466  4.49020e-01  2.6299e-01
  206  0.007563  6.23536e-01  3.0673e-01
  207  0.007660  1.29732e+00  4.3172e-01
  208  0.007756  1.17120e+00  3.9639e-01
  209  0.007853  1.13023e+00  3.8693e-01
  210  0.007950  8.26203e-01  3.4332e-01
  211  0.008047  3.88343e-01  2.4683e-01
  212  0.008144  2.18307e-01  1.8942e-01
  213  0.008241  8.62230e-01  3.8021e-01
  214  0.008338  6.98414e-01  3.4496e-01
  215  0.008435  5.91656e-01  3.1945e-01
  216  0.008532  6.69899e-01  3.4116e-01
  217  0.008629  7.66272e-01  3.6313e-01
  218  0.008726  5.56583e-01  3.0917e-01
  219  0.008823  3.74415e-01  2.5381e-01
  220  0.008920  5.98839e-01  3.1891e-01
  221  0.009017  1.33335e+00  4.6986e-01
  222  0.009114  7.72179e-01  3.5770e-01
  223  0.009211  8.65096e-01  3.6839e-01
  224  0.009308  9.35715e-01  3.7116e-01
  225  0.009405  1.38213e+00  4.6411e-01
  226  0.009502  1.37456e+00  5.0085e-01
  227  0.009599  6.93410e-01  3.7798e-01
  228  0.009696  9.23586e-01  4.4559e-01
  229  0.009793  7.21076e-01  3.9742e-01
  230  0.009890  8.53013e-01  4.3246e-01
  231  0.009986  8.77702e-01  4.3530e-01
  232  0.010083  5.99440e-01  3.4494e-01
  233  0.010180  8.29317e-01  3.6334e-01
  234  0.010277  8.85497e-01  3.2923e-01
  235  0.010374  7.06507e-01  2.6633e-01
  236  0.010471  9.48359e-01  3.2179e-01
  237  0.010568  1.50100e+00  4.8510e-01
  238  0.010665  8.01446e-01  3.9576e-01
  239  0.010762  4.03508e-01  2.8597e-01
  240  0.010859  1.01041e+00  4.6309e-01
  241  0.010956  7.85249e-01  4.1628e-01
  242  0.011053  5.60152e-01  3.5967e-01
  243  0.011150  6.58858e-01  3.9658e-01
  244  0.011247  3.55088e-01  2.9071e-01
  245  0.011344  7.25552e-01  4.0889e-01
  246  0.011441  1.51461e+00  5.6908e-01
  247  0.011538  1.45878e+00  5.2816e-01
  248  0.011635  6.25073e-01  3.3029e-01
  249  0.011732  8.78599e-01  3.7048e-01
  250  0.011829  1.37267e+00  4.2262e-01
  251  0.011926  1.28102e+00  3.6719e-01
  252  0.012023  6.82841e-01  2.3228e-01
  253  0.012120  8.32679e-01  2.2089e-01
  254  0.012216  1.04524e+00  2.2196e-01
  255  0.012313  8.86793e-01  1.7293e-01
  258    1    2    0    0    0    0  255
 Vanadium RT  # experiment title
 151.00   2.080  0.0000  300.000   0.0 0
                  0.0970  0.0000  0.0000
    1 -0.012313  1.48542e+00  1.9064e-01
    2 -0.012216  1.25692e+00  1.3921e-01
    3 -0.012120  1.31319e+00  2.1148e-01
    4 -0.012023  1.37382e+00  2.6771e-01
    5 -0.011926  1.32777e+00  2.9363e-01
    6 -0.011829  1.29415e+00  3.0852e-01
    7 -0.011732  1.52435e+00  3.4677e-01
    8 -0.011635  1.32666e+00  3.2571e-01
    9 -0.011538  1.37121e+00  3.2418e-01
   10 -0.011441  1.36266e+00  3.2066e-01
   11 -0.011344  8.74853e-01  2.4968e-01
   12 -0.011247  1.13659e+00  2.8345e-01
   13 -0.011150  9.19568e-01  2.8249e-01
   14 -0.011053  9.78587e-01  3.1286e-01
   15 -0.010956  1.71006e+00  4.5068e-01
   16 -0.010859  1.52374e+00  4.4664e-01
   17 -0.010762  6.62418e-01  2.8709e-01
   18 -0.010665  1.01833e+00  3.1892e-01
   19 -0.010568  1.60134e+00  3.5054e-01
   20 -0.010471  1.19980e+00  2.9096e-01
   21 -0.010374  1.16417e+00  3.1764e-01
   22 -0.010277  9.15744e-01  3.1617e-01
   23 -0.010180  1.83867e+00  4.9582e-01
   24 -0.010083  8.26588e-01  3.4929e-01
   25 -0.009986  9.13127e-01  3.7580e-01
   26 -0.009890  1.34649e+00  4.6255e-01
   27 -0.009793  7.97090e-01  3.6063e-01
   28 -0.009696  1.07772e+00  4.1984e-01
   29 -0.009599  8.87812e-01  3.7027e-01
   30 -0.009502  1.37635e+00  4.2629e-01
   31 -0.009405  1.60788e+00  4.0746e-01
   32 -0.009308  1.15915e+00  3.1257e-01
   33 -0.009211  1.37220e+00  3.3962e-01
   34 -0.009114  1.47520e+00  3.8106e-01
   35 -0.009017  1.39062e+00  3.9645e-01
   36 -0.008920  1.04380e+00  3.6547e-01
   37 -0.008823  9.55662e-01  3.6910e-01
   38 -0.008726  1.53630e+00  4.8054e-01
   39 -0.008629  1.28387e+00  4.4261e-01
   40 -0.008532  3.23029e-01  2.1953e-01
   41 -0.008435  5.98493e-01  2.9332e-01
   42 -0.008338  1.08052e+00  3.8141e-01
   43 -0.008241  1.24875e+00  3.8938e-01
   44 -0.008144  8.55841e-01  3.0627e-01
   45 -0.008047  1.50515e+00  4.0284e-01
   46 -0.007950  1.23225e+00  3.8068e-01
   47 -0.007853  1.18346e+00  3.8423e-01
   48 -0.007756  1.27287e+00  3.9883e-01
   49 -0.007660  1.83951e+00  4.7708e-01
   50 -0.007563  1.74667e+00  4.6902e-01
   51 -0.007466  1.19077e+00  3.9393e-01
   52 -0.007369  4.70741e-01  2.5040e-01
   53 -0.007272  3.91649e-01  2.2786e-01
   54 -0.007175  9.45655e-01  3.4954e-01
   55 -0.007078  6.84807e-01  2.9012e-01
   56 -0.006981  1.05876e+00  3.5361e-01
   57 -0.006884  1.16602e+00  3.6772e-01
   58 -0.006787  8.50130e-01  3.1122e-01
   59 -0.006690  1.14097e+00  3.5266e-01
   60 -0.006593  1.39059e+00  3.8454e-01
   61 -0.006496  1.59054e+00  4.1607e-01
   62 -0.006399  1.88737e+00  4.7365e-01
   63 -0.006302  1.08884e+00  3.8174e-01
   64 -0.006205  1.78453e+00  5.0535e-01
   65 -0.006108  1.50800e+00  4.6623e-01
   66 -0.006011  9.59996e-01  3.6315e-01
   67 -0.005914  7.96681e-01  3.1049e-01
   68 -0.005817  1.17752e+00  3.4278e-01
   69 -0.005720  1.28456e+00  3.4174e-01
   70 -0.005623  8.38841e-01  2.9631e-01
   71 -0.005526  1.26541e+00  3.9705e-01
   72 -0.005430  8.04863e-01  3.3070e-01
   73 -0.005333  1.17148e+00  4.0751e-01
   74 -0.005236  1.12235e+00  3.9311e-01
   75 -0.005139  1.06866e+00  3.6902e-01
   76 -0.005042  8.98427e-01  3.1924e-01
   77 -0.004945  7.42178e-01  2.7719e-01
   78 -0.004848  6.65931e-01  2.6361e-01
   79 -0.004751  1.06180e+00  3.4787e-01
   80 -0.004654  1.25987e+00  3.8723e-01
   81 -0.004557  1.12758e+00  3.6065e-01
   82 -0.004460  1.01653e+00  3.3532e-01
   83 -0.004363  1.33732e+00  3.8843e-01
   84 -0.004266  5.69925e-01  2.6236e-01
   85 -0.004169  1.25042e+00  4.0122e-01
   86 -0.004072  9.57397e-01  3.5327e-01
   87 -0.003975  1.67297e+00  4.5624e-01
   88 -0.003878  1.53597e+00  4.1532e-01
   89 -0.003781  9.40209e-01  3.0443e-01
   90 -0.003684  9.81963e-01  3.0757e-01
   91 -0.003587  1.32379e+00  3.7728e-01
   92 -0.003490  1.07731e+00  3.6043e-01
   93 -0.003393  1.85322e+00  4.9002e-01
   94 -0.003297  1.17701e+00  3.9364e-01
   95 -0.003200  8.93241e-01  3.3437e-01
   96 -0.003103  1.23072e+00  3.7159e-01
   97 -0.003006  1.07658e+00  3.3200e-01
   98 -0.002909  5.40003e-01  2.3838e-01
   99 -0.002812  9.02274e-01  3.2169e-01
  100 -0.002715  1.24687e+00  3.8830e-01
  101 -0.002618  9.99436e-01  3.4717e-01
  102 -0.002521  1.00980e+00  3.4024e-01
  103 -0.002424  1.23989e+00  3.6445e-01
  104 -0.002327  1.69023e+00  4.1152e-01
  105 -0.002230  2.02750e+00  4.5175e-01
  106 -0.002133  1.72821e+00  4.3183e-01
  107 -0.002036  1.17359e+00  3.7040e-01
  108 -0.001939  1.88147e+00  4.7854e-01
  109 -0.001842  1.80736e+00  4.6889e-01
  110 -0.001745  1.65578e+00  4.4160e-01
  111 -0.001648  1.70206e+00  4.3831e-01
  112 -0.001551  1.82050e+00  4.4952e-01
  113 -0.001454  1.06288e+00  3.4391e-01
  114 -0.001357  1.87582e+00  4.6022e-01
  115 -0.001260  1.14091e+00  3.5862e-01
  116 -0.001163  1.61890e+00  4.2264e-01
  117 -0.001067  1.50253e+00  4.0229e-01
  118 -0.000970  9.23781e-01  3.1577e-01
  119 -0.000873  2.74882e+00  5.5246e-01
  120 -0.000776  2.09163e+00  4.9225e-01
  121 -0.000679  2.95044e+00  5.9131e-01
  122 -0.000582  2.98901e+00  5.9606e-01
  123 -0.000485  4.41662e+00  7.1317e-01
  124 -0.000388  7.46586e+00  9.0847e-01
  125 -0.000291  6.24780e+00  8.1766e-01
  126 -0.000194  1.27120e+01  1.1616e+00
  127 -0.000097  1.74166e+01  1.3582e+00
  128  0.000000  2.34178e+01  1.5822e+00
  129  0.000097  3.51634e+01  1.9289e+00
  130  0.000194  4.71688e+01  2.2483e+00
  131  0.000291  6.99245e+01  2.8079e+00
  132  0.000388  8.37815e+01  3.1510e+00
  133  0.000485  8.62363e+01  3.2069e+00
  134  0.000582  9.75769e+01  3.3055e+00
  135  0.000679  1.14413e+02  3.4515e+00
  136  0.000776  1.22670e+02  3.5119e+00
  137  0.000873  1.23860e+02  3.5582e+00
  138  0.000970  1.26551e+02  3.7055e+00
  139  0.001067  1.18160e+02  3.7829e+00
  140  0.001163  1.18929e+02  3.9296e+00
  141  0.001260  1.23666e+02  4.0490e+00
  142  0.001357  1.12538e+02  3.7817e+00
  143  0.001454  1.03739e+02  3.4957e+00
  144  0.001551  9.75532e+01  3.2592e+00
  145  0.001648  8.13196e+01  2.9257e+00
  146  0.001745  7.45587e+01  2.8069e+00
  147  0.001842  5.90171e+01  2.5612e+00
  148  0.001939  4.74260e+01  2.3486e+00
  149  0.002036  3.96642e+01  2.1687e+00
  150  0.002133  3.09946e+01  1.9131e+00
  151  0.002230  2.27526e+01  1.6549e+00
  152  0.002327  1.68351e+01  1.4557e+00
  153  0.002424  1.19622e+01  1.2520e+00
  154  0.002521  8.09034e+00  1.0294e+00
  155  0.002618  5.84221e+00  8.5530e-01
  156  0.002715  4.49861e+00  7.2346e-01
  157  0.002812  3.13239e+00  5.8775e-01
  158  0.002909  2.77835e+00  5.5083e-01
  159  0.003006  2.15351e+00  4.9679e-01
  160  0.003103  2.47933e+00  5.5034e-01
  161  0.003200  2.02307e+00  5.0864e-01
  162  0.003297  7.97235e-01  3.2058e-01
  163  0.003393  1.25700e+00  3.9753e-01
  164  0.003490  2.44588e+00  5.4575e-01
  165  0.003587  1.06520e+00  3.6067e-01
  166  0.003684  2.49422e+00  5.5311e-01
  167  0.003781  1.71195e+00  4.6346e-01
  168  0.003878  1.28780e+00  4.0566e-01
  169  0.003975  1.67595e+00  4.6704e-01
  170  0.004072  7.75700e-01  3.1745e-01
  171  0.004169  1.52729e+00  4.4432e-01
  172  0.004266  1.67229e+00  4.6624e-01
  173  0.004363  2.00838e+00  5.1550e-01
  174  0.004460  1.31311e+00  4.1772e-01
  175  0.004557  1.16411e+00  3.9161e-01
  176  0.004654  1.34160e+00  4.1228e-01
  177  0.004751  1.29766e+00  3.9452e-01
  178  0.004848  1.20726e+00  3.7960e-01
  179  0.004945  1.35207e+00  4.1311e-01
  180  0.005042  1.60473e+00  4.6503e-01
  181  0.005139  1.03824e+00  3.8595e-01
  182  0.005236  1.14117e+00  4.1379e-01
  183  0.005333  1.38315e+00  4.6163e-01
  184  0.005430  1.06778e+00  4.0917e-01
  185  0.005526  8.65351e-01  3.6744e-01
  186  0.005623  1.18344e+00  4.2826e-01
  187  0.005720  1.13128e+00  4.1444e-01
  188  0.005817  1.55537e+00  4.7899e-01
  189  0.005914  1.28488e+00  4.2486e-01
  190  0.006011  1.61839e+00  4.6412e-01
  191  0.006108  1.66580e+00  4.6385e-01
  192  0.006205  1.66899e+00  4.6858e-01
  193  0.006302  7.96061e-01  3.3019e-01
  194  0.006399  1.39955e+00  4.4983e-01
  195  0.006496  1.86869e+00  5.3157e-01
  196  0.006593  1.29854e+00  4.4826e-01
  197  0.006690  1.22842e+00  4.3959e-01
  198  0.006787  1.73145e+00  5.2117e-01
  199  0.006884  2.06533e+00  5.6573e-01
  200  0.006981  1.19752e+00  4.3011e-01
  201  0.007078  1.59750e+00  4.9746e-01
  202  0.007175  1.29451e+00  4.5154e-01
  203  0.007272  1.61439e+00  5.1046e-01
  204  0.007369  1.99798e+00  5.7399e-01
  205  0.007466  1.50479e+00  5.0041e-01
  206  0.007563  1.04928e+00  4.1357e-01
  207  0.007660  2.18896e+00  5.8288e-01
  208  0.007756  1.73951e+00  5.0211e-01
  209  0.007853  1.48225e+00  4.6057e-01
  210  0.007950  1.58497e+00  4.9425e-01
  211  0.008047  1.94192e+00  5.7372e-01
  212  0.008144  1.63666e+00  5.3910e-01
  213  0.008241  1.77514e+00  5.6704e-01
  214  0.008338  1.51931e+00  5.2883e-01
  215  0.008435  1.37392e+00  5.0597e-01
  216  0.008532  1.54656e+00  5.3879e-01
  217  0.008629  1.94119e+00  6.0075e-01
  218  0.008726  1.90471e+00  5.9448e-01
  219  0.008823  1.68097e+00  5.5898e-01
  220  0.008920  1.99281e+00  6.0470e-01
  221  0.009017  1.58911e+00  5.3315e-01
  222  0.009114  1.58211e+00  5.3218e-01
  223  0.009211  1.28156e+00  4.6604e-01
  224  0.009308  1.72043e+00  5.2311e-01
  225  0.009405  1.96393e+00  5.7503e-01
  226  0.009502  1.79118e+00  5.9425e-01
  227  0.009599  1.64491e+00  6.0510e-01
  228  0.009696  1.38873e+00  5.6791e-01
  229  0.009793  1.88805e+00  6.6843e-01
  230  0.009890  2.21848e+00  7.2492e-01
  231  0.009986  7.55126e-01  4.1966e-01
  232  0.010083  1.70575e+00  6.0480e-01
  233  0.010180  1.10154e+00  4.3525e-01
  234  0.010277  1.15930e+00  3.9155e-01
  235  0.010374  1.39175e+00  3.8853e-01
  236  0.010471  1.71246e+00  4.4945e-01
  237  0.010568  2.53496e+00  6.5526e-01
  238  0.010665  7.66248e-01  4.0221e-01
  239  0.010762  8.52122e-01  4.3194e-01
  240  0.010859  1.54824e+00  5.9582e-01
  241  0.010956  1.71640e+00  6.3969e-01
  242  0.011053  2.07533e+00  7.1959e-01
  243  0.011150  1.85115e+00  6.9095e-01
  244  0.011247  2.01983e+00  7.2067e-01
  245  0.011344  1.30880e+00  5.7080e-01
  246  0.011441  1.11053e+00  5.0647e-01
  247  0.011538  1.82812e+00  6.1454e-01
  248  0.011635  1.94984e+00  6.0634e-01
  249  0.011732  2.28739e+00  6.2134e-01
  250  0.011829  1.71085e+00  4.9040e-01
  251  0.011926  1.46666e+00  4.0837e-01
  252  0.012023  1.92599e+00  4.0547e-01
  253  0.012120  1.74616e+00  3.3248e-01
  254  0.012216  2.20025e+00  3.3473e-01
  255  0.012313  2.18640e+00  2.8224e-01
